
	45

0	1.99117e+07
0.028	11131
0.056	5668
0.084	2728
0.112	2239
0.14	1899
0.168	1685
0.196	1445
0.224	1508
0.252	1338
0.28	1224
0.308	1034
0.336	1001
0.364	916
0.392	782
0.42	760
0.448	711
0.476	693
0.504	617
0.532	1318
0.56	839
0.588	804
0.616	818
0.644	712
0.672	516
0.7	514
0.728	462
0.756	441
0.784	463
0.812	376
0.84	374
0.868	410
0.896	357
0.924	449
0.952	690
0.98	1656
1.008	2215
1.036	955
1.064	501
1.092	425
1.12	457
1.148	321
1.176	217
1.204	241
1.232	217
1.26	201
1.288	231
1.316	185
1.344	179
1.372	185
1.4	168
1.428	156
1.456	164
1.484	208
1.512	232
1.54	176
1.568	225
1.596	598
1.624	716
1.652	294
1.68	142
1.708	123
1.736	122
1.764	119
1.792	115
1.82	116
1.848	121
1.876	111
1.904	130
1.932	118
1.96	109
1.988	115
2.016	121
2.044	119
2.072	115
2.1	126
2.128	108
2.156	118
2.184	107
2.212	141
2.24	137
2.268	130
2.296	112
2.324	121
2.352	115
2.38	105
2.408	133
2.436	122
2.464	122
2.492	105
2.52	107
2.548	95
2.576	113
2.604	117
2.632	125
2.66	124
2.688	123
2.716	375
2.744	97
2.772	110
2.8	121
2.828	144
2.856	114
2.884	117
2.912	119
2.94	129
2.968	140
2.996	114
3.024	110
3.052	101
3.08	104
3.108	95
3.136	105
3.164	99
3.192	103
3.22	1465
3.248	90
3.276	112
3.304	123
3.332	121
3.36	148
3.388	135
3.416	139
3.444	186
3.472	130
3.5	148
3.528	118
3.556	124
3.584	134
3.612	137
3.64	137
3.668	122
3.696	142
3.724	129
3.752	105
3.78	118
3.808	111
3.836	265
3.864	466
3.892	527
3.92	636
3.948	910
3.976	174
4.004	179
4.032	173
4.06	176
4.088	152
4.116	141
4.144	113
4.172	84
4.2	83
4.228	69
4.256	47
4.284	44
4.312	40
4.34	269
4.368	1173
4.396	1230
4.424	1587
4.452	2832
4.48	49
4.508	53
4.536	42
4.564	49
4.592	46
4.62	55
4.648	48
4.676	57
4.704	46
4.732	38
4.76	36
4.788	37
4.816	34
4.844	27
4.872	34
4.9	36
4.928	33
4.956	27
4.984	36
5.012	29
5.04	31
5.068	28
5.096	34
5.124	32
5.152	33
5.18	28
5.208	28
5.236	22
5.264	26
5.292	35
5.32	20
5.348	29
5.376	25
5.404	29
5.432	30
5.46	30
5.488	22
5.516	27
5.544	32
5.572	20
5.6	28
5.628	20
5.656	28
5.684	30
5.712	25
5.74	37
5.768	30
5.796	20
5.824	24
5.852	27
5.88	21
5.908	24
5.936	31
5.964	25
5.992	27
6.02	23
6.048	32
6.076	34
6.104	37
6.132	29
6.16	32
6.188	25
6.216	23
6.244	29
6.272	23
6.3	21
6.328	21
6.356	30
6.384	24
6.412	32
6.44	22
6.468	24
6.496	21
6.524	26
6.552	28
6.58	20
6.608	37
6.636	29
6.664	31
6.692	33
6.72	29
6.748	25
6.776	21
6.804	35
6.832	20
6.86	26
6.888	29
6.916	30
6.944	21
6.972	29
7	17
7.028	31
7.056	30
7.084	25
7.112	27
7.14	32
7.168	26
7.196	18
7.224	15
7.252	28
7.28	17
7.308	15
7.336	26
7.364	30
7.392	20
7.42	27
7.448	18
7.476	22
7.504	20
7.532	14
7.56	24
7.588	26
7.616	29
7.644	18
7.672	23
7.7	18
7.728	24
7.756	16
7.784	26
7.812	23
7.84	23
7.868	21
7.896	23
7.924	23
7.952	19
7.98	19
8.008	27
8.036	17
8.064	20
8.092	26
8.12	20
8.148	31
8.176	19
8.204	23
8.232	22
8.26	30
8.288	29
8.316	33
8.344	24
8.372	45
8.4	29
8.428	39
8.456	22
8.484	30
8.512	26
8.54	34
8.568	25
8.596	27
8.624	46
8.652	26
8.68	22
8.708	31
8.736	23
8.764	21
8.792	22
8.82	30
8.848	26
8.876	31
8.904	24
8.932	16
8.96	24
8.988	21
9.016	19
9.044	20
9.072	21
9.1	18
9.128	244
9.156	35
9.184	28
9.212	27
9.24	29
9.268	34
9.296	20
9.324	22
9.352	23
9.38	19
9.408	11
9.436	22
9.464	17
9.492	12
9.52	11
9.548	10
9.576	17
9.604	15
9.632	13
9.66	412
9.688	22
9.716	15
9.744	17
9.772	14
9.8	12
9.828	20
9.856	20
9.884	12
9.912	18
9.94	16
9.968	29
9.996	12
10.024	20
10.052	23
10.08	17
10.108	24
10.136	25
10.164	14
10.192	19
10.22	31
10.248	17
10.276	18
10.304	26
10.332	20
10.36	17
10.388	23
10.416	18
10.444	21
10.472	25
10.5	23
10.528	33
10.556	20
10.584	19
10.612	27
10.64	22
10.668	24
10.696	16
10.724	28
10.752	20
10.78	28
10.808	27
10.836	25
10.864	34
10.892	35
10.92	21
10.948	35
10.976	31
11.004	34
11.032	36
11.06	30
11.088	34
11.116	33
11.144	26
11.172	43
11.2	32
11.228	48
11.256	39
11.284	31
11.312	37
11.34	39
11.368	23
11.396	28
11.424	19
11.452	31
11.48	46
11.508	32
11.536	29
11.564	32
11.592	39
11.62	37
11.648	28
11.676	27
11.704	23
11.732	20
11.76	9
11.788	20
11.816	30
11.844	16
11.872	16
11.9	18
11.928	27
11.956	19
11.984	16
12.012	20
12.04	16
12.068	8
12.096	14
12.124	14
12.152	12
12.18	19
12.208	20
12.236	19
12.264	17
12.292	13
12.32	10
12.348	4
12.376	12
12.404	8
12.432	7
12.46	15
12.488	9
12.516	13
12.544	10
12.572	10
12.6	8
12.628	4
12.656	5
12.684	6
12.712	7
12.74	4
12.768	1
12.796	0
12.824	2
12.852	0
12.88	0
12.908	0
12.936	0
12.964	0
12.992	0
13.02	0
13.048	0
13.076	0
13.104	0
13.132	0
13.16	0
13.188	0
13.216	0
13.244	1
13.272	0
13.3	0
13.328	0
13.356	1
13.384	0
13.412	0
13.44	0
13.468	0
13.496	1
13.524	0
13.552	0
13.58	1
13.608	0
13.636	0
13.664	0
13.692	0
13.72	0
13.748	0
13.776	0
13.804	0
13.832	0
13.86	0
13.888	0
13.916	0
13.944	0
13.972	1

	60

0	1.9915e+07
0.028	10796
0.056	5332
0.084	2698
0.112	2184
0.14	1890
0.168	1638
0.196	1488
0.224	1410
0.252	1357
0.28	1158
0.308	1025
0.336	1009
0.364	911
0.392	836
0.42	786
0.448	714
0.476	643
0.504	698
0.532	1294
0.56	815
0.588	804
0.616	719
0.644	706
0.672	527
0.7	465
0.728	437
0.756	401
0.784	436
0.812	417
0.84	415
0.868	397
0.896	381
0.924	428
0.952	618
0.98	1587
1.008	2082
1.036	999
1.064	445
1.092	436
1.12	395
1.148	322
1.176	248
1.204	216
1.232	219
1.26	237
1.288	218
1.316	203
1.344	197
1.372	202
1.4	170
1.428	167
1.456	160
1.484	197
1.512	183
1.54	188
1.568	254
1.596	536
1.624	766
1.652	270
1.68	129
1.708	121
1.736	145
1.764	129
1.792	134
1.82	119
1.848	132
1.876	122
1.904	121
1.932	117
1.96	121
1.988	113
2.016	95
2.044	107
2.072	106
2.1	111
2.128	113
2.156	119
2.184	111
2.212	142
2.24	126
2.268	105
2.296	135
2.324	119
2.352	123
2.38	120
2.408	140
2.436	123
2.464	145
2.492	100
2.52	124
2.548	96
2.576	114
2.604	99
2.632	109
2.66	113
2.688	110
2.716	336
2.744	107
2.772	116
2.8	105
2.828	109
2.856	117
2.884	120
2.912	98
2.94	109
2.968	114
2.996	109
3.024	96
3.052	101
3.08	87
3.108	88
3.136	95
3.164	91
3.192	83
3.22	1350
3.248	82
3.276	92
3.304	89
3.332	96
3.36	105
3.388	144
3.416	119
3.444	189
3.472	134
3.5	129
3.528	111
3.556	122
3.584	113
3.612	122
3.64	125
3.668	122
3.696	117
3.724	114
3.752	115
3.78	102
3.808	89
3.836	120
3.864	323
3.892	445
3.92	511
3.948	991
3.976	166
4.004	171
4.032	160
4.06	145
4.088	115
4.116	113
4.144	101
4.172	106
4.2	98
4.228	57
4.256	47
4.284	39
4.312	43
4.34	73
4.368	571
4.396	1072
4.424	1280
4.452	2870
4.48	31
4.508	26
4.536	36
4.564	37
4.592	28
4.62	32
4.648	28
4.676	26
4.704	29
4.732	30
4.76	32
4.788	36
4.816	39
4.844	28
4.872	38
4.9	46
4.928	41
4.956	35
4.984	42
5.012	37
5.04	39
5.068	35
5.096	32
5.124	30
5.152	39
5.18	44
5.208	28
5.236	41
5.264	31
5.292	34
5.32	29
5.348	27
5.376	29
5.404	34
5.432	30
5.46	26
5.488	31
5.516	19
5.544	30
5.572	27
5.6	35
5.628	33
5.656	30
5.684	38
5.712	25
5.74	27
5.768	34
5.796	18
5.824	22
5.852	29
5.88	28
5.908	25
5.936	34
5.964	27
5.992	18
6.02	31
6.048	40
6.076	29
6.104	33
6.132	29
6.16	35
6.188	32
6.216	33
6.244	38
6.272	41
6.3	36
6.328	26
6.356	26
6.384	24
6.412	29
6.44	26
6.468	33
6.496	30
6.524	28
6.552	36
6.58	27
6.608	30
6.636	31
6.664	31
6.692	28
6.72	27
6.748	37
6.776	35
6.804	35
6.832	24
6.86	33
6.888	24
6.916	22
6.944	21
6.972	27
7	27
7.028	26
7.056	19
7.084	26
7.112	40
7.14	18
7.168	21
7.196	37
7.224	27
7.252	28
7.28	24
7.308	26
7.336	25
7.364	27
7.392	23
7.42	29
7.448	25
7.476	35
7.504	22
7.532	21
7.56	26
7.588	28
7.616	17
7.644	24
7.672	35
7.7	33
7.728	24
7.756	20
7.784	20
7.812	23
7.84	20
7.868	26
7.896	30
7.924	26
7.952	20
7.98	26
8.008	26
8.036	24
8.064	29
8.092	17
8.12	28
8.148	28
8.176	22
8.204	36
8.232	22
8.26	40
8.288	31
8.316	28
8.344	21
8.372	37
8.4	22
8.428	32
8.456	22
8.484	37
8.512	27
8.54	26
8.568	23
8.596	22
8.624	41
8.652	32
8.68	30
8.708	29
8.736	27
8.764	35
8.792	35
8.82	29
8.848	33
8.876	41
8.904	26
8.932	25
8.96	16
8.988	27
9.016	26
9.044	30
9.072	21
9.1	21
9.128	235
9.156	27
9.184	33
9.212	31
9.24	34
9.268	28
9.296	24
9.324	25
9.352	20
9.38	33
9.408	24
9.436	18
9.464	20
9.492	15
9.52	22
9.548	21
9.576	10
9.604	17
9.632	25
9.66	419
9.688	12
9.716	10
9.744	20
9.772	11
9.8	11
9.828	19
9.856	10
9.884	13
9.912	15
9.94	24
9.968	22
9.996	18
10.024	18
10.052	12
10.08	13
10.108	21
10.136	16
10.164	18
10.192	24
10.22	25
10.248	22
10.276	17
10.304	19
10.332	27
10.36	19
10.388	24
10.416	29
10.444	18
10.472	17
10.5	13
10.528	18
10.556	35
10.584	25
10.612	17
10.64	32
10.668	27
10.696	33
10.724	23
10.752	34
10.78	17
10.808	25
10.836	23
10.864	22
10.892	23
10.92	30
10.948	34
10.976	32
11.004	29
11.032	41
11.06	27
11.088	42
11.116	27
11.144	35
11.172	37
11.2	31
11.228	25
11.256	30
11.284	28
11.312	29
11.34	56
11.368	25
11.396	36
11.424	22
11.452	35
11.48	35
11.508	37
11.536	38
11.564	29
11.592	31
11.62	39
11.648	31
11.676	18
11.704	28
11.732	36
11.76	28
11.788	20
11.816	32
11.844	18
11.872	30
11.9	15
11.928	18
11.956	20
11.984	23
12.012	16
12.04	14
12.068	23
12.096	22
12.124	15
12.152	13
12.18	22
12.208	19
12.236	12
12.264	21
12.292	10
12.32	16
12.348	13
12.376	13
12.404	20
12.432	6
12.46	9
12.488	10
12.516	13
12.544	7
12.572	10
12.6	6
12.628	10
12.656	7
12.684	5
12.712	6
12.74	9
12.768	5
12.796	2
12.824	0
12.852	0
12.88	0
12.908	0
12.936	0
12.964	0
12.992	0
13.02	0
13.048	0
13.076	0
13.104	0
13.132	0
13.16	0
13.188	1
13.216	0
13.244	0
13.272	1
13.3	0
13.328	0
13.356	0
13.384	0
13.412	0
13.44	0
13.468	0
13.496	0
13.524	1
13.552	0
13.58	0
13.608	0
13.636	0
13.664	2
13.692	1
13.72	1
13.748	0
13.776	1
13.804	0
13.832	0
13.86	0
13.888	0
13.916	1
13.944	0
13.972	0

	75

0	1.99208e+07
0.028	9911
0.056	4898
0.084	2514
0.112	2167
0.14	1732
0.168	1590
0.196	1414
0.224	1387
0.252	1222
0.28	1105
0.308	1001
0.336	959
0.364	840
0.392	811
0.42	687
0.448	659
0.476	684
0.504	671
0.532	1265
0.56	782
0.588	748
0.616	756
0.644	675
0.672	489
0.7	417
0.728	401
0.756	451
0.784	395
0.812	405
0.84	370
0.868	336
0.896	357
0.924	404
0.952	587
0.98	1432
1.008	2024
1.036	922
1.064	431
1.092	408
1.12	362
1.148	337
1.176	219
1.204	214
1.232	171
1.26	210
1.288	171
1.316	172
1.344	171
1.372	165
1.4	190
1.428	147
1.456	138
1.484	183
1.512	179
1.54	189
1.568	217
1.596	487
1.624	704
1.652	294
1.68	122
1.708	124
1.736	158
1.764	104
1.792	117
1.82	113
1.848	117
1.876	118
1.904	117
1.932	117
1.96	108
1.988	115
2.016	109
2.044	118
2.072	104
2.1	99
2.128	102
2.156	94
2.184	107
2.212	130
2.24	116
2.268	113
2.296	122
2.324	107
2.352	120
2.38	98
2.408	132
2.436	103
2.464	111
2.492	121
2.52	116
2.548	110
2.576	108
2.604	112
2.632	98
2.66	114
2.688	105
2.716	351
2.744	99
2.772	100
2.8	89
2.828	118
2.856	102
2.884	94
2.912	79
2.94	102
2.968	114
2.996	103
3.024	70
3.052	90
3.08	78
3.108	75
3.136	91
3.164	90
3.192	89
3.22	1303
3.248	79
3.276	86
3.304	94
3.332	91
3.36	106
3.388	98
3.416	119
3.444	177
3.472	85
3.5	90
3.528	102
3.556	116
3.584	105
3.612	87
3.64	99
3.668	98
3.696	113
3.724	100
3.752	100
3.78	93
3.808	92
3.836	78
3.864	157
3.892	332
3.92	425
3.948	994
3.976	178
4.004	156
4.032	150
4.06	117
4.088	153
4.116	106
4.144	92
4.172	86
4.2	83
4.228	53
4.256	32
4.284	32
4.312	28
4.34	35
4.368	213
4.396	745
4.424	1097
4.452	3093
4.48	20
4.508	29
4.536	23
4.564	32
4.592	22
4.62	24
4.648	18
4.676	25
4.704	25
4.732	16
4.76	29
4.788	23
4.816	18
4.844	19
4.872	22
4.9	17
4.928	30
4.956	18
4.984	23
5.012	27
5.04	25
5.068	28
5.096	30
5.124	31
5.152	26
5.18	31
5.208	24
5.236	38
5.264	26
5.292	26
5.32	34
5.348	25
5.376	20
5.404	27
5.432	39
5.46	26
5.488	28
5.516	30
5.544	27
5.572	40
5.6	30
5.628	40
5.656	25
5.684	37
5.712	30
5.74	32
5.768	40
5.796	31
5.824	44
5.852	36
5.88	46
5.908	29
5.936	32
5.964	19
5.992	26
6.02	22
6.048	35
6.076	38
6.104	32
6.132	29
6.16	32
6.188	38
6.216	31
6.244	27
6.272	31
6.3	32
6.328	23
6.356	27
6.384	21
6.412	31
6.44	29
6.468	32
6.496	25
6.524	23
6.552	28
6.58	36
6.608	28
6.636	41
6.664	21
6.692	32
6.72	28
6.748	25
6.776	19
6.804	32
6.832	32
6.86	25
6.888	31
6.916	30
6.944	23
6.972	26
7	30
7.028	28
7.056	34
7.084	38
7.112	31
7.14	33
7.168	20
7.196	37
7.224	25
7.252	21
7.28	29
7.308	26
7.336	35
7.364	20
7.392	28
7.42	26
7.448	27
7.476	22
7.504	31
7.532	27
7.56	24
7.588	19
7.616	29
7.644	33
7.672	30
7.7	27
7.728	24
7.756	27
7.784	19
7.812	23
7.84	28
7.868	27
7.896	25
7.924	16
7.952	25
7.98	28
8.008	15
8.036	18
8.064	26
8.092	25
8.12	26
8.148	15
8.176	22
8.204	24
8.232	14
8.26	20
8.288	24
8.316	36
8.344	22
8.372	32
8.4	19
8.428	22
8.456	26
8.484	28
8.512	26
8.54	28
8.568	34
8.596	18
8.624	36
8.652	25
8.68	32
8.708	30
8.736	30
8.764	26
8.792	24
8.82	18
8.848	34
8.876	34
8.904	27
8.932	33
8.96	26
8.988	33
9.016	22
9.044	26
9.072	26
9.1	26
9.128	195
9.156	34
9.184	37
9.212	20
9.24	39
9.268	29
9.296	25
9.324	32
9.352	35
9.38	25
9.408	29
9.436	22
9.464	25
9.492	21
9.52	15
9.548	22
9.576	20
9.604	19
9.632	18
9.66	454
9.688	14
9.716	17
9.744	21
9.772	18
9.8	22
9.828	25
9.856	15
9.884	11
9.912	15
9.94	20
9.968	14
9.996	18
10.024	13
10.052	18
10.08	29
10.108	16
10.136	20
10.164	11
10.192	19
10.22	26
10.248	23
10.276	16
10.304	15
10.332	21
10.36	15
10.388	11
10.416	15
10.444	21
10.472	20
10.5	17
10.528	22
10.556	18
10.584	28
10.612	23
10.64	17
10.668	21
10.696	31
10.724	27
10.752	28
10.78	21
10.808	19
10.836	18
10.864	24
10.892	26
10.92	31
10.948	27
10.976	27
11.004	30
11.032	34
11.06	37
11.088	19
11.116	35
11.144	24
11.172	30
11.2	28
11.228	51
11.256	22
11.284	33
11.312	30
11.34	31
11.368	30
11.396	39
11.424	22
11.452	22
11.48	30
11.508	17
11.536	35
11.564	33
11.592	22
11.62	25
11.648	18
11.676	32
11.704	23
11.732	22
11.76	32
11.788	31
11.816	26
11.844	9
11.872	21
11.9	23
11.928	14
11.956	19
11.984	25
12.012	14
12.04	20
12.068	18
12.096	15
12.124	14
12.152	19
12.18	25
12.208	16
12.236	10
12.264	12
12.292	14
12.32	11
12.348	15
12.376	6
12.404	10
12.432	7
12.46	9
12.488	14
12.516	12
12.544	15
12.572	11
12.6	10
12.628	6
12.656	8
12.684	6
12.712	4
12.74	2
12.768	7
12.796	6
12.824	3
12.852	3
12.88	1
12.908	3
12.936	1
12.964	0
12.992	0
13.02	0
13.048	0
13.076	0
13.104	0
13.132	1
13.16	0
13.188	1
13.216	0
13.244	1
13.272	0
13.3	0
13.328	0
13.356	1
13.384	0
13.412	0
13.44	1
13.468	1
13.496	0
13.524	0
13.552	0
13.58	0
13.608	0
13.636	0
13.664	0
13.692	0
13.72	0
13.748	0
13.776	0
13.804	0
13.832	0
13.86	0
13.888	0
13.916	0
13.944	0
13.972	0

	90

0	1.9922e+07
0.028	9747
0.056	4976
0.084	2582
0.112	2023
0.14	1803
0.168	1513
0.196	1308
0.224	1373
0.252	1262
0.28	1123
0.308	991
0.336	840
0.364	838
0.392	793
0.42	749
0.448	623
0.476	648
0.504	695
0.532	1263
0.56	795
0.588	781
0.616	753
0.644	644
0.672	535
0.7	475
0.728	424
0.756	455
0.784	431
0.812	393
0.84	351
0.868	355
0.896	362
0.924	450
0.952	604
0.98	1366
1.008	1856
1.036	923
1.064	465
1.092	403
1.12	378
1.148	319
1.176	232
1.204	222
1.232	210
1.26	197
1.288	179
1.316	177
1.344	141
1.372	163
1.4	158
1.428	163
1.456	136
1.484	175
1.512	209
1.54	163
1.568	211
1.596	520
1.624	689
1.652	261
1.68	143
1.708	127
1.736	124
1.764	107
1.792	141
1.82	112
1.848	97
1.876	140
1.904	107
1.932	104
1.96	92
1.988	101
2.016	107
2.044	91
2.072	112
2.1	96
2.128	99
2.156	100
2.184	90
2.212	115
2.24	95
2.268	108
2.296	88
2.324	112
2.352	109
2.38	107
2.408	138
2.436	102
2.464	100
2.492	99
2.52	111
2.548	108
2.576	105
2.604	95
2.632	111
2.66	118
2.688	115
2.716	331
2.744	110
2.772	107
2.8	87
2.828	96
2.856	84
2.884	108
2.912	94
2.94	100
2.968	97
2.996	93
3.024	81
3.052	76
3.08	86
3.108	78
3.136	84
3.164	86
3.192	94
3.22	1219
3.248	87
3.276	78
3.304	80
3.332	89
3.36	96
3.388	111
3.416	117
3.444	168
3.472	83
3.5	97
3.528	100
3.556	96
3.584	94
3.612	81
3.64	87
3.668	104
3.696	92
3.724	100
3.752	90
3.78	76
3.808	92
3.836	100
3.864	130
3.892	242
3.92	389
3.948	1100
3.976	166
4.004	145
4.032	124
4.06	144
4.088	118
4.116	126
4.144	116
4.172	88
4.2	80
4.228	49
4.256	50
4.284	34
4.312	27
4.34	25
4.368	84
4.396	388
4.424	1019
4.452	3449
4.48	26
4.508	25
4.536	13
4.564	29
4.592	26
4.62	21
4.648	25
4.676	14
4.704	17
4.732	20
4.76	24
4.788	15
4.816	21
4.844	23
4.872	20
4.9	17
4.928	23
4.956	29
4.984	23
5.012	18
5.04	17
5.068	24
5.096	25
5.124	28
5.152	24
5.18	17
5.208	25
5.236	27
5.264	24
5.292	27
5.32	24
5.348	20
5.376	23
5.404	34
5.432	17
5.46	20
5.488	24
5.516	30
5.544	30
5.572	22
5.6	26
5.628	32
5.656	31
5.684	30
5.712	28
5.74	35
5.768	27
5.796	30
5.824	20
5.852	24
5.88	22
5.908	32
5.936	34
5.964	37
5.992	28
6.02	34
6.048	26
6.076	36
6.104	35
6.132	31
6.16	24
6.188	31
6.216	33
6.244	30
6.272	31
6.3	36
6.328	38
6.356	27
6.384	45
6.412	35
6.44	34
6.468	28
6.496	42
6.524	30
6.552	29
6.58	32
6.608	28
6.636	25
6.664	22
6.692	34
6.72	28
6.748	36
6.776	34
6.804	33
6.832	28
6.86	27
6.888	37
6.916	30
6.944	33
6.972	26
7	34
7.028	28
7.056	30
7.084	24
7.112	28
7.14	38
7.168	27
7.196	28
7.224	32
7.252	27
7.28	30
7.308	25
7.336	24
7.364	20
7.392	25
7.42	27
7.448	26
7.476	30
7.504	21
7.532	22
7.56	30
7.588	22
7.616	24
7.644	27
7.672	17
7.7	18
7.728	23
7.756	17
7.784	21
7.812	29
7.84	27
7.868	21
7.896	20
7.924	28
7.952	17
7.98	18
8.008	24
8.036	23
8.064	21
8.092	25
8.12	26
8.148	23
8.176	19
8.204	20
8.232	22
8.26	30
8.288	27
8.316	28
8.344	29
8.372	28
8.4	20
8.428	28
8.456	23
8.484	32
8.512	26
8.54	23
8.568	25
8.596	20
8.624	38
8.652	19
8.68	18
8.708	17
8.736	31
8.764	26
8.792	26
8.82	22
8.848	18
8.876	34
8.904	26
8.932	26
8.96	33
8.988	35
9.016	19
9.044	30
9.072	24
9.1	20
9.128	213
9.156	29
9.184	32
9.212	28
9.24	30
9.268	19
9.296	25
9.324	23
9.352	23
9.38	26
9.408	20
9.436	15
9.464	15
9.492	17
9.52	23
9.548	12
9.576	19
9.604	23
9.632	16
9.66	393
9.688	25
9.716	20
9.744	21
9.772	25
9.8	17
9.828	27
9.856	12
9.884	18
9.912	22
9.94	19
9.968	16
9.996	27
10.024	18
10.052	21
10.08	12
10.108	28
10.136	16
10.164	21
10.192	12
10.22	21
10.248	15
10.276	18
10.304	12
10.332	19
10.36	18
10.388	18
10.416	23
10.444	22
10.472	19
10.5	25
10.528	24
10.556	22
10.584	14
10.612	22
10.64	28
10.668	24
10.696	31
10.724	33
10.752	18
10.78	25
10.808	23
10.836	34
10.864	35
10.892	27
10.92	25
10.948	23
10.976	23
11.004	29
11.032	27
11.06	23
11.088	34
11.116	29
11.144	26
11.172	26
11.2	30
11.228	39
11.256	26
11.284	36
11.312	39
11.34	35
11.368	28
11.396	37
11.424	33
11.452	31
11.48	26
11.508	25
11.536	25
11.564	23
11.592	29
11.62	32
11.648	22
11.676	24
11.704	23
11.732	29
11.76	31
11.788	36
11.816	25
11.844	23
11.872	18
11.9	23
11.928	16
11.956	22
11.984	17
12.012	11
12.04	19
12.068	15
12.096	16
12.124	16
12.152	21
12.18	10
12.208	14
12.236	3
12.264	7
12.292	12
12.32	17
12.348	18
12.376	14
12.404	12
12.432	11
12.46	10
12.488	14
12.516	10
12.544	9
12.572	16
12.6	9
12.628	8
12.656	10
12.684	18
12.712	5
12.74	11
12.768	7
12.796	2
12.824	4
12.852	6
12.88	4
12.908	4
12.936	1
12.964	2
12.992	1
13.02	0
13.048	0
13.076	1
13.104	1
13.132	1
13.16	1
13.188	0
13.216	0
13.244	0
13.272	0
13.3	0
13.328	0
13.356	0
13.384	0
13.412	0
13.44	2
13.468	1
13.496	1
13.524	0
13.552	0
13.58	0
13.608	0
13.636	1
13.664	0
13.692	0
13.72	0
13.748	0
13.776	0
13.804	0
13.832	0
13.86	1
13.888	1
13.916	0
13.944	0
13.972	0

	105

0	1.99215e+07
0.028	9574
0.056	4891
0.084	2621
0.112	2016
0.14	1854
0.168	1489
0.196	1428
0.224	1291
0.252	1250
0.28	1053
0.308	976
0.336	921
0.364	811
0.392	819
0.42	658
0.448	712
0.476	626
0.504	671
0.532	1255
0.56	749
0.588	740
0.616	742
0.644	626
0.672	524
0.7	509
0.728	460
0.756	474
0.784	432
0.812	385
0.84	325
0.868	350
0.896	362
0.924	376
0.952	553
0.98	1414
1.008	1865
1.036	911
1.064	431
1.092	398
1.12	363
1.148	332
1.176	252
1.204	194
1.232	231
1.26	198
1.288	201
1.316	194
1.344	164
1.372	169
1.4	160
1.428	146
1.456	193
1.484	164
1.512	193
1.54	196
1.568	224
1.596	504
1.624	730
1.652	274
1.68	144
1.708	139
1.736	147
1.764	132
1.792	144
1.82	136
1.848	140
1.876	121
1.904	118
1.932	125
1.96	105
1.988	112
2.016	114
2.044	100
2.072	117
2.1	102
2.128	111
2.156	96
2.184	108
2.212	109
2.24	119
2.268	112
2.296	112
2.324	102
2.352	105
2.38	103
2.408	122
2.436	100
2.464	117
2.492	96
2.52	109
2.548	95
2.576	105
2.604	113
2.632	101
2.66	119
2.688	108
2.716	322
2.744	112
2.772	109
2.8	113
2.828	105
2.856	106
2.884	107
2.912	117
2.94	113
2.968	88
2.996	87
3.024	88
3.052	91
3.08	80
3.108	72
3.136	81
3.164	87
3.192	71
3.22	1158
3.248	86
3.276	72
3.304	99
3.332	83
3.36	75
3.388	109
3.416	109
3.444	181
3.472	107
3.5	80
3.528	109
3.556	109
3.584	122
3.612	102
3.64	106
3.668	104
3.696	129
3.724	119
3.752	92
3.78	108
3.808	85
3.836	104
3.864	124
3.892	182
3.92	401
3.948	1229
3.976	150
4.004	149
4.032	134
4.06	129
4.088	120
4.116	129
4.144	97
4.172	92
4.2	71
4.228	59
4.256	49
4.284	32
4.312	31
4.34	35
4.368	72
4.396	187
4.424	855
4.452	4097
4.48	34
4.508	20
4.536	22
4.564	15
4.592	22
4.62	21
4.648	22
4.676	18
4.704	16
4.732	22
4.76	22
4.788	37
4.816	21
4.844	27
4.872	20
4.9	25
4.928	18
4.956	30
4.984	33
5.012	31
5.04	31
5.068	27
5.096	17
5.124	23
5.152	32
5.18	27
5.208	22
5.236	22
5.264	18
5.292	19
5.32	21
5.348	31
5.376	13
5.404	26
5.432	34
5.46	30
5.488	22
5.516	19
5.544	29
5.572	31
5.6	22
5.628	20
5.656	18
5.684	19
5.712	16
5.74	23
5.768	25
5.796	25
5.824	29
5.852	15
5.88	25
5.908	36
5.936	24
5.964	25
5.992	35
6.02	22
6.048	32
6.076	19
6.104	32
6.132	27
6.16	24
6.188	27
6.216	34
6.244	29
6.272	28
6.3	24
6.328	37
6.356	28
6.384	27
6.412	26
6.44	42
6.468	42
6.496	33
6.524	24
6.552	29
6.58	59
6.608	27
6.636	39
6.664	46
6.692	30
6.72	33
6.748	31
6.776	33
6.804	23
6.832	38
6.86	36
6.888	26
6.916	32
6.944	38
6.972	34
7	27
7.028	35
7.056	32
7.084	31
7.112	27
7.14	33
7.168	31
7.196	31
7.224	23
7.252	27
7.28	24
7.308	33
7.336	32
7.364	24
7.392	24
7.42	26
7.448	23
7.476	21
7.504	30
7.532	27
7.56	30
7.588	16
7.616	27
7.644	22
7.672	23
7.7	27
7.728	16
7.756	23
7.784	30
7.812	23
7.84	26
7.868	21
7.896	15
7.924	25
7.952	19
7.98	18
8.008	30
8.036	25
8.064	33
8.092	21
8.12	16
8.148	22
8.176	20
8.204	36
8.232	31
8.26	30
8.288	24
8.316	22
8.344	26
8.372	25
8.4	22
8.428	26
8.456	33
8.484	22
8.512	28
8.54	30
8.568	19
8.596	24
8.624	40
8.652	24
8.68	29
8.708	23
8.736	27
8.764	33
8.792	27
8.82	24
8.848	15
8.876	28
8.904	28
8.932	27
8.96	23
8.988	21
9.016	15
9.044	9
9.072	21
9.1	17
9.128	228
9.156	31
9.184	25
9.212	24
9.24	22
9.268	26
9.296	19
9.324	22
9.352	17
9.38	27
9.408	11
9.436	15
9.464	19
9.492	18
9.52	12
9.548	14
9.576	13
9.604	11
9.632	16
9.66	395
9.688	18
9.716	27
9.744	22
9.772	24
9.8	13
9.828	16
9.856	21
9.884	20
9.912	30
9.94	18
9.968	12
9.996	16
10.024	12
10.052	18
10.08	16
10.108	16
10.136	18
10.164	23
10.192	20
10.22	21
10.248	24
10.276	15
10.304	26
10.332	24
10.36	23
10.388	19
10.416	22
10.444	25
10.472	20
10.5	26
10.528	16
10.556	17
10.584	22
10.612	25
10.64	23
10.668	18
10.696	21
10.724	28
10.752	20
10.78	22
10.808	28
10.836	28
10.864	18
10.892	23
10.92	21
10.948	20
10.976	30
11.004	36
11.032	36
11.06	14
11.088	26
11.116	24
11.144	35
11.172	29
11.2	30
11.228	22
11.256	20
11.284	36
11.312	30
11.34	31
11.368	33
11.396	31
11.424	40
11.452	28
11.48	22
11.508	39
11.536	32
11.564	38
11.592	27
11.62	29
11.648	33
11.676	25
11.704	24
11.732	29
11.76	31
11.788	19
11.816	18
11.844	27
11.872	24
11.9	23
11.928	28
11.956	25
11.984	23
12.012	11
12.04	11
12.068	24
12.096	18
12.124	18
12.152	19
12.18	16
12.208	12
12.236	16
12.264	13
12.292	20
12.32	17
12.348	10
12.376	15
12.404	8
12.432	10
12.46	9
12.488	12
12.516	9
12.544	9
12.572	13
12.6	10
12.628	12
12.656	8
12.684	10
12.712	12
12.74	10
12.768	9
12.796	7
12.824	5
12.852	7
12.88	8
12.908	4
12.936	3
12.964	1
12.992	1
13.02	0
13.048	1
13.076	0
13.104	1
13.132	0
13.16	1
13.188	0
13.216	1
13.244	1
13.272	0
13.3	0
13.328	0
13.356	0
13.384	1
13.412	0
13.44	1
13.468	0
13.496	0
13.524	1
13.552	2
13.58	0
13.608	0
13.636	1
13.664	0
13.692	0
13.72	0
13.748	0
13.776	0
13.804	0
13.832	0
13.86	1
13.888	1
13.916	0
13.944	0
13.972	2

	120

0	1.99147e+07
0.028	10618
0.056	5121
0.084	2787
0.112	2252
0.14	1987
0.168	1614
0.196	1522
0.224	1382
0.252	1282
0.28	1134
0.308	1016
0.336	975
0.364	917
0.392	819
0.42	723
0.448	697
0.476	696
0.504	686
0.532	1270
0.56	771
0.588	743
0.616	749
0.644	688
0.672	559
0.7	524
0.728	489
0.756	477
0.784	475
0.812	419
0.84	385
0.868	401
0.896	387
0.924	436
0.952	585
0.98	1432
1.008	1790
1.036	903
1.064	422
1.092	416
1.12	375
1.148	366
1.176	290
1.204	258
1.232	230
1.26	259
1.288	237
1.316	253
1.344	226
1.372	215
1.4	214
1.428	202
1.456	206
1.484	196
1.512	186
1.54	201
1.568	218
1.596	500
1.624	640
1.652	296
1.68	178
1.708	176
1.736	155
1.764	159
1.792	185
1.82	171
1.848	187
1.876	152
1.904	158
1.932	177
1.96	161
1.988	141
2.016	149
2.044	129
2.072	134
2.1	148
2.128	119
2.156	105
2.184	129
2.212	136
2.24	127
2.268	113
2.296	130
2.324	108
2.352	103
2.38	134
2.408	127
2.436	116
2.464	99
2.492	140
2.52	135
2.548	119
2.576	120
2.604	108
2.632	135
2.66	124
2.688	116
2.716	311
2.744	116
2.772	130
2.8	126
2.828	128
2.856	121
2.884	116
2.912	121
2.94	130
2.968	116
2.996	127
3.024	96
3.052	110
3.08	126
3.108	107
3.136	89
3.164	94
3.192	106
3.22	1189
3.248	102
3.276	107
3.304	89
3.332	104
3.36	125
3.388	102
3.416	105
3.444	210
3.472	120
3.5	126
3.528	129
3.556	115
3.584	121
3.612	115
3.64	119
3.668	102
3.696	132
3.724	152
3.752	129
3.78	125
3.808	105
3.836	111
3.864	123
3.892	166
3.92	344
3.948	1530
3.976	184
4.004	160
4.032	158
4.06	152
4.088	116
4.116	111
4.144	126
4.172	97
4.2	117
4.228	67
4.256	63
4.284	48
4.312	44
4.34	38
4.368	64
4.396	131
4.424	653
4.452	4792
4.48	36
4.508	29
4.536	23
4.564	34
4.592	31
4.62	23
4.648	41
4.676	30
4.704	28
4.732	24
4.76	27
4.788	33
4.816	16
4.844	24
4.872	27
4.9	35
4.928	31
4.956	26
4.984	32
5.012	23
5.04	31
5.068	27
5.096	31
5.124	15
5.152	23
5.18	39
5.208	25
5.236	24
5.264	31
5.292	30
5.32	22
5.348	20
5.376	31
5.404	25
5.432	34
5.46	30
5.488	31
5.516	23
5.544	28
5.572	22
5.6	34
5.628	23
5.656	34
5.684	22
5.712	30
5.74	26
5.768	21
5.796	25
5.824	24
5.852	22
5.88	21
5.908	23
5.936	47
5.964	22
5.992	30
6.02	40
6.048	33
6.076	32
6.104	36
6.132	37
6.16	39
6.188	36
6.216	28
6.244	36
6.272	34
6.3	32
6.328	38
6.356	35
6.384	42
6.412	45
6.44	31
6.468	41
6.496	26
6.524	38
6.552	51
6.58	42
6.608	39
6.636	43
6.664	29
6.692	42
6.72	42
6.748	39
6.776	51
6.804	52
6.832	49
6.86	45
6.888	44
6.916	41
6.944	34
6.972	42
7	31
7.028	34
7.056	38
7.084	31
7.112	34
7.14	41
7.168	37
7.196	38
7.224	46
7.252	43
7.28	48
7.308	45
7.336	39
7.364	37
7.392	38
7.42	45
7.448	43
7.476	33
7.504	37
7.532	39
7.56	34
7.588	41
7.616	30
7.644	33
7.672	41
7.7	23
7.728	36
7.756	35
7.784	41
7.812	24
7.84	28
7.868	32
7.896	26
7.924	28
7.952	19
7.98	26
8.008	29
8.036	25
8.064	29
8.092	27
8.12	36
8.148	25
8.176	29
8.204	26
8.232	23
8.26	24
8.288	28
8.316	19
8.344	20
8.372	21
8.4	18
8.428	19
8.456	31
8.484	25
8.512	21
8.54	17
8.568	21
8.596	30
8.624	31
8.652	30
8.68	24
8.708	18
8.736	26
8.764	19
8.792	26
8.82	22
8.848	22
8.876	27
8.904	21
8.932	25
8.96	20
8.988	26
9.016	24
9.044	20
9.072	21
9.1	24
9.128	178
9.156	28
9.184	31
9.212	36
9.24	30
9.268	27
9.296	25
9.324	19
9.352	24
9.38	16
9.408	22
9.436	16
9.464	17
9.492	15
9.52	21
9.548	14
9.576	11
9.604	8
9.632	17
9.66	368
9.688	28
9.716	21
9.744	14
9.772	15
9.8	26
9.828	20
9.856	28
9.884	11
9.912	22
9.94	19
9.968	18
9.996	16
10.024	18
10.052	20
10.08	23
10.108	20
10.136	26
10.164	26
10.192	14
10.22	18
10.248	25
10.276	24
10.304	17
10.332	16
10.36	22
10.388	28
10.416	24
10.444	19
10.472	28
10.5	21
10.528	21
10.556	19
10.584	23
10.612	25
10.64	38
10.668	21
10.696	34
10.724	27
10.752	31
10.78	23
10.808	30
10.836	31
10.864	35
10.892	26
10.92	28
10.948	37
10.976	31
11.004	35
11.032	27
11.06	33
11.088	34
11.116	34
11.144	30
11.172	36
11.2	34
11.228	39
11.256	36
11.284	43
11.312	40
11.34	33
11.368	38
11.396	33
11.424	37
11.452	27
11.48	29
11.508	39
11.536	29
11.564	23
11.592	33
11.62	34
11.648	35
11.676	49
11.704	30
11.732	35
11.76	28
11.788	23
11.816	24
11.844	27
11.872	26
11.9	26
11.928	17
11.956	22
11.984	18
12.012	18
12.04	21
12.068	22
12.096	20
12.124	14
12.152	17
12.18	9
12.208	13
12.236	14
12.264	11
12.292	8
12.32	12
12.348	11
12.376	10
12.404	9
12.432	15
12.46	10
12.488	9
12.516	7
12.544	9
12.572	7
12.6	12
12.628	9
12.656	13
12.684	10
12.712	6
12.74	7
12.768	6
12.796	7
12.824	10
12.852	7
12.88	5
12.908	6
12.936	3
12.964	6
12.992	5
13.02	1
13.048	2
13.076	1
13.104	1
13.132	1
13.16	2
13.188	1
13.216	0
13.244	1
13.272	3
13.3	0
13.328	4
13.356	1
13.384	0
13.412	0
13.44	0
13.468	0
13.496	0
13.524	4
13.552	0
13.58	2
13.608	1
13.636	1
13.664	1
13.692	1
13.72	1
13.748	1
13.776	2
13.804	2
13.832	0
13.86	0
13.888	0
13.916	1
13.944	1
13.972	0

	135

0	1.98933e+07
0.028	14221
0.056	6246
0.084	3496
0.112	2915
0.14	2382
0.168	2044
0.196	1855
0.224	1714
0.252	1564
0.28	1310
0.308	1149
0.336	1043
0.364	966
0.392	889
0.42	865
0.448	819
0.476	790
0.504	769
0.532	1237
0.56	891
0.588	818
0.616	792
0.644	735
0.672	613
0.7	573
0.728	625
0.756	615
0.784	541
0.812	477
0.84	519
0.868	534
0.896	484
0.924	515
0.952	697
0.98	1414
1.008	1822
1.036	968
1.064	588
1.092	562
1.12	510
1.148	481
1.176	385
1.204	394
1.232	361
1.26	370
1.288	391
1.316	316
1.344	314
1.372	300
1.4	345
1.428	306
1.456	313
1.484	331
1.512	359
1.54	338
1.568	330
1.596	593
1.624	700
1.652	375
1.68	281
1.708	278
1.736	253
1.764	264
1.792	259
1.82	282
1.848	261
1.876	236
1.904	216
1.932	204
1.96	208
1.988	244
2.016	221
2.044	211
2.072	199
2.1	211
2.128	194
2.156	179
2.184	201
2.212	207
2.24	182
2.268	188
2.296	186
2.324	173
2.352	166
2.38	161
2.408	203
2.436	162
2.464	144
2.492	184
2.52	190
2.548	149
2.576	172
2.604	144
2.632	159
2.66	173
2.688	149
2.716	356
2.744	192
2.772	165
2.8	179
2.828	161
2.856	182
2.884	169
2.912	164
2.94	171
2.968	155
2.996	146
3.024	154
3.052	151
3.08	148
3.108	130
3.136	141
3.164	137
3.192	131
3.22	1148
3.248	122
3.276	115
3.304	124
3.332	130
3.36	117
3.388	147
3.416	158
3.444	270
3.472	148
3.5	145
3.528	142
3.556	150
3.584	168
3.612	147
3.64	134
3.668	149
3.696	136
3.724	153
3.752	166
3.78	156
3.808	153
3.836	151
3.864	165
3.892	163
3.92	345
3.948	1732
3.976	238
4.004	195
4.032	197
4.06	208
4.088	176
4.116	193
4.144	183
4.172	162
4.2	136
4.228	110
4.256	94
4.284	70
4.312	56
4.34	60
4.368	79
4.396	165
4.424	450
4.452	5383
4.48	52
4.508	40
4.536	48
4.564	44
4.592	52
4.62	55
4.648	52
4.676	51
4.704	46
4.732	43
4.76	45
4.788	43
4.816	54
4.844	34
4.872	34
4.9	48
4.928	57
4.956	45
4.984	43
5.012	41
5.04	41
5.068	54
5.096	40
5.124	48
5.152	52
5.18	44
5.208	35
5.236	47
5.264	53
5.292	41
5.32	47
5.348	35
5.376	51
5.404	36
5.432	42
5.46	48
5.488	41
5.516	39
5.544	32
5.572	39
5.6	38
5.628	29
5.656	44
5.684	34
5.712	36
5.74	42
5.768	50
5.796	40
5.824	36
5.852	39
5.88	50
5.908	39
5.936	46
5.964	54
5.992	45
6.02	37
6.048	48
6.076	48
6.104	42
6.132	43
6.16	43
6.188	45
6.216	43
6.244	37
6.272	45
6.3	49
6.328	55
6.356	42
6.384	50
6.412	45
6.44	47
6.468	52
6.496	47
6.524	44
6.552	56
6.58	42
6.608	44
6.636	57
6.664	48
6.692	43
6.72	48
6.748	65
6.776	58
6.804	68
6.832	56
6.86	44
6.888	61
6.916	65
6.944	51
6.972	51
7	64
7.028	54
7.056	54
7.084	67
7.112	55
7.14	42
7.168	49
7.196	58
7.224	57
7.252	59
7.28	46
7.308	53
7.336	47
7.364	76
7.392	48
7.42	45
7.448	54
7.476	67
7.504	52
7.532	57
7.56	66
7.588	69
7.616	76
7.644	65
7.672	72
7.7	83
7.728	81
7.756	81
7.784	86
7.812	86
7.84	69
7.868	84
7.896	78
7.924	61
7.952	58
7.98	62
8.008	62
8.036	47
8.064	44
8.092	42
8.12	50
8.148	39
8.176	44
8.204	36
8.232	34
8.26	49
8.288	46
8.316	37
8.344	42
8.372	39
8.4	32
8.428	41
8.456	29
8.484	45
8.512	28
8.54	34
8.568	36
8.596	39
8.624	49
8.652	39
8.68	36
8.708	31
8.736	33
8.764	32
8.792	27
8.82	50
8.848	49
8.876	28
8.904	31
8.932	23
8.96	34
8.988	24
9.016	25
9.044	27
9.072	30
9.1	30
9.128	213
9.156	41
9.184	38
9.212	33
9.24	41
9.268	38
9.296	24
9.324	24
9.352	26
9.38	43
9.408	22
9.436	23
9.464	18
9.492	24
9.52	24
9.548	19
9.576	19
9.604	22
9.632	19
9.66	339
9.688	24
9.716	12
9.744	27
9.772	17
9.8	21
9.828	24
9.856	17
9.884	18
9.912	35
9.94	26
9.968	28
9.996	23
10.024	22
10.052	23
10.08	22
10.108	22
10.136	23
10.164	29
10.192	29
10.22	24
10.248	23
10.276	21
10.304	22
10.332	24
10.36	17
10.388	20
10.416	28
10.444	20
10.472	31
10.5	27
10.528	27
10.556	26
10.584	43
10.612	18
10.64	23
10.668	23
10.696	26
10.724	35
10.752	41
10.78	35
10.808	27
10.836	28
10.864	35
10.892	36
10.92	33
10.948	45
10.976	33
11.004	34
11.032	42
11.06	28
11.088	42
11.116	46
11.144	45
11.172	47
11.2	43
11.228	44
11.256	45
11.284	55
11.312	50
11.34	39
11.368	53
11.396	52
11.424	55
11.452	64
11.48	48
11.508	66
11.536	63
11.564	59
11.592	55
11.62	46
11.648	47
11.676	40
11.704	31
11.732	30
11.76	22
11.788	24
11.816	24
11.844	33
11.872	27
11.9	32
11.928	28
11.956	23
11.984	22
12.012	17
12.04	25
12.068	19
12.096	19
12.124	17
12.152	15
12.18	23
12.208	10
12.236	22
12.264	17
12.292	18
12.32	10
12.348	16
12.376	13
12.404	17
12.432	16
12.46	9
12.488	8
12.516	8
12.544	12
12.572	14
12.6	11
12.628	12
12.656	9
12.684	9
12.712	13
12.74	6
12.768	8
12.796	7
12.824	7
12.852	9
12.88	6
12.908	9
12.936	6
12.964	7
12.992	1
13.02	7
13.048	1
13.076	1
13.104	2
13.132	0
13.16	2
13.188	2
13.216	2
13.244	1
13.272	3
13.3	0
13.328	1
13.356	2
13.384	1
13.412	2
13.44	1
13.468	0
13.496	0
13.524	1
13.552	1
13.58	0
13.608	1
13.636	1
13.664	3
13.692	1
13.72	2
13.748	1
13.776	1
13.804	3
13.832	0
13.86	3
13.888	2
13.916	2
13.944	0
13.972	3

	150

0	1.98476e+07
0.028	22891
0.056	8989
0.084	5271
0.112	4380
0.14	3561
0.168	3001
0.196	2657
0.224	2303
0.252	2020
0.28	1741
0.308	1560
0.336	1424
0.364	1238
0.392	1200
0.42	1121
0.448	1031
0.476	1016
0.504	948
0.532	1476
0.56	1037
0.588	992
0.616	994
0.644	967
0.672	840
0.7	747
0.728	775
0.756	782
0.784	727
0.812	717
0.84	786
0.868	743
0.896	696
0.924	787
0.952	869
0.98	1557
1.008	1864
1.036	1107
1.064	772
1.092	746
1.12	669
1.148	725
1.176	591
1.204	613
1.232	601
1.26	598
1.288	569
1.316	554
1.344	560
1.372	563
1.4	537
1.428	517
1.456	580
1.484	561
1.512	548
1.54	523
1.568	551
1.596	802
1.624	959
1.652	623
1.68	488
1.708	473
1.736	462
1.764	454
1.792	453
1.82	461
1.848	442
1.876	432
1.904	359
1.932	381
1.96	412
1.988	396
2.016	351
2.044	368
2.072	385
2.1	396
2.128	305
2.156	343
2.184	322
2.212	351
2.24	297
2.268	284
2.296	318
2.324	308
2.352	285
2.38	291
2.408	269
2.436	248
2.464	243
2.492	248
2.52	242
2.548	234
2.576	254
2.604	254
2.632	280
2.66	245
2.688	231
2.716	420
2.744	260
2.772	258
2.8	244
2.828	234
2.856	246
2.884	258
2.912	230
2.94	244
2.968	238
2.996	226
3.024	224
3.052	224
3.08	232
3.108	228
3.136	196
3.164	174
3.192	195
3.22	1139
3.248	166
3.276	181
3.304	171
3.332	166
3.36	186
3.388	182
3.416	176
3.444	264
3.472	187
3.5	208
3.528	178
3.556	181
3.584	184
3.612	189
3.64	180
3.668	184
3.696	199
3.724	213
3.752	176
3.78	183
3.808	190
3.836	190
3.864	213
3.892	249
3.92	308
3.948	1999
3.976	309
4.004	311
4.032	269
4.06	247
4.088	279
4.116	245
4.144	300
4.172	246
4.2	223
4.228	201
4.256	173
4.284	149
4.312	135
4.34	134
4.368	205
4.396	173
4.424	344
4.452	5937
4.48	107
4.508	86
4.536	93
4.564	109
4.592	89
4.62	102
4.648	101
4.676	83
4.704	75
4.732	80
4.76	85
4.788	72
4.816	77
4.844	69
4.872	75
4.9	65
4.928	68
4.956	84
4.984	75
5.012	89
5.04	61
5.068	75
5.096	76
5.124	74
5.152	83
5.18	58
5.208	71
5.236	78
5.264	70
5.292	70
5.32	77
5.348	76
5.376	72
5.404	87
5.432	78
5.46	84
5.488	50
5.516	64
5.544	70
5.572	60
5.6	82
5.628	56
5.656	68
5.684	76
5.712	65
5.74	69
5.768	67
5.796	74
5.824	82
5.852	52
5.88	67
5.908	75
5.936	68
5.964	79
5.992	83
6.02	63
6.048	80
6.076	67
6.104	67
6.132	61
6.16	66
6.188	61
6.216	63
6.244	71
6.272	79
6.3	86
6.328	82
6.356	73
6.384	90
6.412	62
6.44	85
6.468	80
6.496	94
6.524	79
6.552	99
6.58	86
6.608	68
6.636	74
6.664	70
6.692	76
6.72	96
6.748	90
6.776	76
6.804	75
6.832	67
6.86	63
6.888	86
6.916	83
6.944	83
6.972	67
7	70
7.028	76
7.056	75
7.084	79
7.112	84
7.14	85
7.168	79
7.196	87
7.224	79
7.252	86
7.28	88
7.308	60
7.336	67
7.364	77
7.392	67
7.42	79
7.448	74
7.476	81
7.504	72
7.532	62
7.56	92
7.588	70
7.616	86
7.644	93
7.672	91
7.7	89
7.728	102
7.756	106
7.784	90
7.812	129
7.84	114
7.868	122
7.896	118
7.924	123
7.952	165
7.98	153
8.008	121
8.036	128
8.064	114
8.092	114
8.12	128
8.148	81
8.176	102
8.204	85
8.232	77
8.26	78
8.288	90
8.316	73
8.344	71
8.372	69
8.4	56
8.428	67
8.456	46
8.484	62
8.512	57
8.54	57
8.568	50
8.596	44
8.624	70
8.652	58
8.68	70
8.708	59
8.736	54
8.764	45
8.792	48
8.82	44
8.848	54
8.876	49
8.904	53
8.932	48
8.96	53
8.988	41
9.016	52
9.044	42
9.072	42
9.1	43
9.128	174
9.156	54
9.184	45
9.212	39
9.24	52
9.268	42
9.296	36
9.324	33
9.352	45
9.38	37
9.408	38
9.436	50
9.464	33
9.492	30
9.52	42
9.548	36
9.576	26
9.604	34
9.632	24
9.66	340
9.688	33
9.716	28
9.744	36
9.772	33
9.8	30
9.828	26
9.856	30
9.884	32
9.912	33
9.94	27
9.968	27
9.996	39
10.024	26
10.052	34
10.08	33
10.108	34
10.136	35
10.164	31
10.192	19
10.22	24
10.248	30
10.276	28
10.304	29
10.332	35
10.36	43
10.388	30
10.416	32
10.444	38
10.472	30
10.5	36
10.528	37
10.556	47
10.584	42
10.612	35
10.64	33
10.668	53
10.696	30
10.724	42
10.752	31
10.78	40
10.808	40
10.836	38
10.864	32
10.892	55
10.92	53
10.948	49
10.976	53
11.004	66
11.032	42
11.06	54
11.088	59
11.116	62
11.144	48
11.172	60
11.2	51
11.228	56
11.256	47
11.284	80
11.312	46
11.34	56
11.368	59
11.396	63
11.424	62
11.452	75
11.48	61
11.508	82
11.536	72
11.564	82
11.592	80
11.62	101
11.648	98
11.676	95
11.704	97
11.732	107
11.76	103
11.788	107
11.816	61
11.844	66
11.872	39
11.9	37
11.928	27
11.956	28
11.984	22
12.012	21
12.04	30
12.068	23
12.096	22
12.124	16
12.152	11
12.18	26
12.208	15
12.236	24
12.264	24
12.292	16
12.32	14
12.348	18
12.376	21
12.404	13
12.432	23
12.46	21
12.488	15
12.516	18
12.544	22
12.572	17
12.6	15
12.628	11
12.656	14
12.684	14
12.712	12
12.74	13
12.768	18
12.796	14
12.824	15
12.852	6
12.88	14
12.908	7
12.936	11
12.964	12
12.992	7
13.02	5
13.048	11
13.076	4
13.104	5
13.132	3
13.16	2
13.188	4
13.216	2
13.244	1
13.272	4
13.3	4
13.328	2
13.356	3
13.384	5
13.412	3
13.44	2
13.468	3
13.496	2
13.524	3
13.552	4
13.58	4
13.608	4
13.636	2
13.664	2
13.692	6
13.72	0
13.748	2
13.776	7
13.804	10
13.832	5
13.86	4
13.888	3
13.916	2
13.944	3
13.972	3

	165

0	1.94079e+07
0.028	98336
0.056	35540
0.084	20138
0.112	17611
0.14	13333
0.168	11739
0.196	10202
0.224	8522
0.252	7328
0.28	6242
0.308	5197
0.336	4621
0.364	4301
0.392	4079
0.42	3606
0.448	3283
0.476	3217
0.504	3137
0.532	3601
0.56	3074
0.588	3068
0.616	3129
0.644	3010
0.672	2803
0.7	2767
0.728	2830
0.756	2939
0.784	2721
0.812	2688
0.84	2720
0.868	2732
0.896	2722
0.924	2820
0.952	3024
0.98	3661
1.008	4058
1.036	3252
1.064	2919
1.092	2974
1.12	2855
1.148	2867
1.176	2699
1.204	2832
1.232	2797
1.26	2843
1.288	2750
1.316	2814
1.344	2760
1.372	2746
1.4	2686
1.428	2745
1.456	2660
1.484	2683
1.512	2607
1.54	2557
1.568	2565
1.596	2802
1.624	2916
1.652	2511
1.68	2473
1.708	2419
1.736	2452
1.764	2323
1.792	2260
1.82	2404
1.848	2280
1.876	2188
1.904	2141
1.932	2078
1.96	2015
1.988	2002
2.016	1946
2.044	1883
2.072	1842
2.1	1899
2.128	1744
2.156	1689
2.184	1699
2.212	1666
2.24	1537
2.268	1549
2.296	1488
2.324	1445
2.352	1382
2.38	1320
2.408	1314
2.436	1236
2.464	1159
2.492	1187
2.52	1127
2.548	1147
2.576	1065
2.604	1147
2.632	1151
2.66	1071
2.688	1120
2.716	1264
2.744	971
2.772	1038
2.8	1026
2.828	1031
2.856	1013
2.884	1029
2.912	981
2.94	1035
2.968	1024
2.996	1029
3.024	994
3.052	1012
3.08	1052
3.108	1039
3.136	977
3.164	786
3.192	667
3.22	1649
3.248	610
3.276	607
3.304	623
3.332	589
3.36	565
3.388	541
3.416	586
3.444	706
3.472	631
3.5	598
3.528	590
3.556	615
3.584	605
3.612	604
3.64	615
3.668	607
3.696	575
3.724	678
3.752	547
3.78	609
3.808	602
3.836	572
3.864	593
3.892	631
3.92	664
3.948	2501
3.976	630
4.004	669
4.032	711
4.06	754
4.088	1225
4.116	815
4.144	797
4.172	746
4.2	636
4.228	641
4.256	606
4.284	576
4.312	576
4.34	599
4.368	4467
4.396	661
4.424	716
4.452	6712
4.48	531
4.508	497
4.536	460
4.564	461
4.592	463
4.62	431
4.648	516
4.676	1271
4.704	458
4.732	461
4.76	450
4.788	434
4.816	428
4.844	413
4.872	445
4.9	397
4.928	435
4.956	421
4.984	415
5.012	427
5.04	445
5.068	400
5.096	438
5.124	450
5.152	414
5.18	396
5.208	393
5.236	423
5.264	409
5.292	415
5.32	406
5.348	410
5.376	381
5.404	374
5.432	431
5.46	357
5.488	345
5.516	390
5.544	352
5.572	346
5.6	344
5.628	361
5.656	373
5.684	363
5.712	389
5.74	375
5.768	331
5.796	392
5.824	365
5.852	389
5.88	357
5.908	368
5.936	364
5.964	347
5.992	361
6.02	360
6.048	405
6.076	353
6.104	359
6.132	332
6.16	355
6.188	320
6.216	395
6.244	403
6.272	396
6.3	383
6.328	348
6.356	353
6.384	361
6.412	339
6.44	348
6.468	352
6.496	345
6.524	348
6.552	359
6.58	361
6.608	319
6.636	340
6.664	350
6.692	338
6.72	356
6.748	294
6.776	331
6.804	352
6.832	324
6.86	336
6.888	319
6.916	311
6.944	312
6.972	303
7	309
7.028	341
7.056	317
7.084	321
7.112	287
7.14	306
7.168	319
7.196	287
7.224	345
7.252	345
7.28	321
7.308	321
7.336	324
7.364	318
7.392	329
7.42	331
7.448	261
7.476	300
7.504	293
7.532	291
7.56	291
7.588	266
7.616	281
7.644	265
7.672	294
7.7	297
7.728	287
7.756	291
7.784	318
7.812	314
7.84	315
7.868	338
7.896	347
7.924	348
7.952	1921
7.98	857
8.008	674
8.036	586
8.064	651
8.092	873
8.12	1696
8.148	1149
8.176	863
8.204	517
8.232	450
8.26	578
8.288	612
8.316	565
8.344	463
8.372	310
8.4	251
8.428	223
8.456	242
8.484	202
8.512	199
8.54	221
8.568	237
8.596	229
8.624	253
8.652	247
8.68	304
8.708	301
8.736	285
8.764	235
8.792	239
8.82	199
8.848	225
8.876	230
8.904	225
8.932	201
8.96	206
8.988	244
9.016	233
9.044	183
9.072	202
9.1	187
9.128	355
9.156	164
9.184	190
9.212	191
9.24	209
9.268	177
9.296	167
9.324	175
9.352	188
9.38	194
9.408	187
9.436	184
9.464	172
9.492	159
9.52	161
9.548	154
9.576	150
9.604	166
9.632	130
9.66	474
9.688	158
9.716	177
9.744	147
9.772	166
9.8	146
9.828	138
9.856	146
9.884	130
9.912	130
9.94	147
9.968	146
9.996	139
10.024	152
10.052	147
10.08	143
10.108	134
10.136	124
10.164	143
10.192	158
10.22	120
10.248	145
10.276	134
10.304	160
10.332	129
10.36	161
10.388	140
10.416	134
10.444	133
10.472	150
10.5	130
10.528	142
10.556	136
10.584	131
10.612	109
10.64	122
10.668	123
10.696	122
10.724	133
10.752	146
10.78	204
10.808	192
10.836	115
10.864	141
10.892	143
10.92	157
10.948	146
10.976	143
11.004	128
11.032	151
11.06	128
11.088	131
11.116	139
11.144	177
11.172	133
11.2	152
11.228	151
11.256	196
11.284	835
11.312	175
11.34	161
11.368	152
11.396	163
11.424	178
11.452	139
11.48	166
11.508	149
11.536	134
11.564	148
11.592	147
11.62	175
11.648	158
11.676	161
11.704	196
11.732	198
11.76	244
11.788	3431
11.816	972
11.844	906
11.872	451
11.9	104
11.928	67
11.956	70
11.984	51
12.012	64
12.04	54
12.068	54
12.096	63
12.124	48
12.152	55
12.18	67
12.208	57
12.236	55
12.264	56
12.292	59
12.32	43
12.348	51
12.376	58
12.404	54
12.432	32
12.46	61
12.488	33
12.516	50
12.544	40
12.572	51
12.6	58
12.628	54
12.656	33
12.684	41
12.712	25
12.74	45
12.768	26
12.796	46
12.824	32
12.852	26
12.88	31
12.908	29
12.936	28
12.964	37
12.992	25
13.02	30
13.048	24
13.076	19
13.104	19
13.132	27
13.16	43
13.188	25
13.216	17
13.244	19
13.272	21
13.3	23
13.328	19
13.356	22
13.384	31
13.412	28
13.44	29
13.468	34
13.496	19
13.524	19
13.552	22
13.58	27
13.608	19
13.636	19
13.664	18
13.692	14
13.72	18
13.748	15
13.776	14
13.804	17
13.832	15
13.86	20
13.888	28
13.916	38
13.944	32
13.972	30

	180

0	1.95015e+07
0.028	82026
0.056	29928
0.084	16881
0.112	14629
0.14	11263
0.168	9811
0.196	8372
0.224	7100
0.252	6237
0.28	5462
0.308	4428
0.336	4005
0.364	3622
0.392	3242
0.42	2986
0.448	2843
0.476	2657
0.504	2610
0.532	3103
0.56	2643
0.588	2741
0.616	2642
0.644	2593
0.672	2337
0.7	2318
0.728	2331
0.756	2403
0.784	2256
0.812	2262
0.84	2271
0.868	2289
0.896	2291
0.924	2349
0.952	2537
0.98	3244
1.008	3654
1.036	2918
1.064	2484
1.092	2416
1.12	2457
1.148	2317
1.176	2398
1.204	2357
1.232	2342
1.26	2252
1.288	2198
1.316	2246
1.344	2307
1.372	2246
1.4	2181
1.428	2151
1.456	2191
1.484	2148
1.512	2180
1.54	2069
1.568	2239
1.596	2381
1.624	2559
1.652	2192
1.68	2048
1.708	2052
1.736	1988
1.764	1959
1.792	1920
1.82	1845
1.848	1890
1.876	1764
1.904	1810
1.932	1732
1.96	1702
1.988	1662
2.016	1660
2.044	1654
2.072	1513
2.1	1533
2.128	1452
2.156	1391
2.184	1404
2.212	1322
2.24	1374
2.268	1324
2.296	1224
2.324	1190
2.352	1198
2.38	1100
2.408	1083
2.436	981
2.464	1038
2.492	990
2.52	954
2.548	947
2.576	887
2.604	948
2.632	902
2.66	892
2.688	877
2.716	1089
2.744	901
2.772	866
2.8	855
2.828	842
2.856	894
2.884	850
2.912	864
2.94	891
2.968	852
2.996	877
3.024	877
3.052	895
3.08	824
3.108	894
3.136	852
3.164	708
3.192	535
3.22	1535
3.248	562
3.276	515
3.304	517
3.332	517
3.36	498
3.388	485
3.416	548
3.444	750
3.472	520
3.5	490
3.528	490
3.556	518
3.584	529
3.612	553
3.64	536
3.668	542
3.696	525
3.724	513
3.752	540
3.78	502
3.808	496
3.836	522
3.864	524
3.892	541
3.92	622
3.948	2450
3.976	621
4.004	633
4.032	643
4.06	683
4.088	944
4.116	693
4.144	624
4.172	597
4.2	572
4.228	521
4.256	518
4.284	555
4.312	588
4.34	586
4.368	3426
4.396	533
4.424	575
4.452	6750
4.48	433
4.508	373
4.536	387
4.564	407
4.592	394
4.62	418
4.648	388
4.676	972
4.704	386
4.732	362
4.76	349
4.788	349
4.816	375
4.844	372
4.872	351
4.9	391
4.928	338
4.956	351
4.984	367
5.012	355
5.04	336
5.068	369
5.096	343
5.124	345
5.152	372
5.18	343
5.208	346
5.236	343
5.264	346
5.292	322
5.32	339
5.348	327
5.376	353
5.404	323
5.432	294
5.46	330
5.488	316
5.516	322
5.544	298
5.572	308
5.6	305
5.628	324
5.656	270
5.684	321
5.712	337
5.74	305
5.768	291
5.796	323
5.824	337
5.852	295
5.88	253
5.908	282
5.936	302
5.964	300
5.992	310
6.02	320
6.048	305
6.076	303
6.104	285
6.132	298
6.16	305
6.188	287
6.216	311
6.244	322
6.272	295
6.3	302
6.328	282
6.356	299
6.384	323
6.412	329
6.44	305
6.468	318
6.496	297
6.524	287
6.552	305
6.58	309
6.608	270
6.636	276
6.664	276
6.692	276
6.72	292
6.748	267
6.776	311
6.804	272
6.832	270
6.86	275
6.888	259
6.916	244
6.944	248
6.972	240
7	257
7.028	261
7.056	254
7.084	257
7.112	259
7.14	276
7.168	265
7.196	247
7.224	284
7.252	330
7.28	325
7.308	251
7.336	252
7.364	267
7.392	258
7.42	235
7.448	237
7.476	260
7.504	253
7.532	205
7.56	231
7.588	216
7.616	208
7.644	224
7.672	211
7.7	216
7.728	217
7.756	249
7.784	282
7.812	268
7.84	300
7.868	307
7.896	356
7.924	306
7.952	1516
7.98	733
8.008	591
8.036	529
8.064	583
8.092	752
8.12	1356
8.148	912
8.176	692
8.204	433
8.232	377
8.26	458
8.288	441
8.316	458
8.344	357
8.372	241
8.4	189
8.428	218
8.456	197
8.484	188
8.512	172
8.54	199
8.568	203
8.596	195
8.624	214
8.652	235
8.68	268
8.708	230
8.736	250
8.764	200
8.792	190
8.82	186
8.848	208
8.876	209
8.904	187
8.932	176
8.96	153
8.988	184
9.016	187
9.044	169
9.072	147
9.1	134
9.128	291
9.156	163
9.184	173
9.212	167
9.24	132
9.268	159
9.296	143
9.324	173
9.352	169
9.38	174
9.408	166
9.436	153
9.464	136
9.492	142
9.52	130
9.548	117
9.576	117
9.604	118
9.632	105
9.66	453
9.688	131
9.716	115
9.744	129
9.772	125
9.8	116
9.828	123
9.856	120
9.884	119
9.912	108
9.94	148
9.968	132
9.996	119
10.024	127
10.052	106
10.08	126
10.108	109
10.136	99
10.164	134
10.192	139
10.22	132
10.248	128
10.276	115
10.304	138
10.332	133
10.36	120
10.388	112
10.416	118
10.444	127
10.472	100
10.5	117
10.528	101
10.556	84
10.584	135
10.612	113
10.64	119
10.668	108
10.696	104
10.724	128
10.752	102
10.78	143
10.808	142
10.836	116
10.864	148
10.892	123
10.92	128
10.948	132
10.976	132
11.004	132
11.032	142
11.06	114
11.088	110
11.116	134
11.144	148
11.172	128
11.2	147
11.228	157
11.256	151
11.284	638
11.312	148
11.34	144
11.368	162
11.396	134
11.424	131
11.452	146
11.48	126
11.508	122
11.536	106
11.564	129
11.592	120
11.62	177
11.648	131
11.676	179
11.704	230
11.732	266
11.76	295
11.788	2666
11.816	753
11.844	695
11.872	340
11.9	87
11.928	51
11.956	56
11.984	62
12.012	66
12.04	66
12.068	60
12.096	46
12.124	47
12.152	56
12.18	48
12.208	42
12.236	48
12.264	30
12.292	41
12.32	45
12.348	44
12.376	41
12.404	47
12.432	44
12.46	55
12.488	45
12.516	52
12.544	48
12.572	47
12.6	39
12.628	26
12.656	30
12.684	30
12.712	33
12.74	32
12.768	26
12.796	30
12.824	27
12.852	37
12.88	26
12.908	27
12.936	27
12.964	32
12.992	26
13.02	27
13.048	23
13.076	23
13.104	27
13.132	27
13.16	27
13.188	24
13.216	21
13.244	9
13.272	22
13.3	13
13.328	16
13.356	20
13.384	15
13.412	23
13.44	32
13.468	21
13.496	17
13.524	18
13.552	10
13.58	14
13.608	14
13.636	9
13.664	12
13.692	14
13.72	17
13.748	16
13.776	11
13.804	9
13.832	11
13.86	20
13.888	26
13.916	26
13.944	29
13.972	17

	195

0	1.94073e+07
0.028	98532
0.056	35405
0.084	19972
0.112	17580
0.14	13567
0.168	11829
0.196	10208
0.224	8516
0.252	7402
0.28	6292
0.308	5281
0.336	4772
0.364	4338
0.392	3979
0.42	3502
0.448	3368
0.476	3223
0.504	2958
0.532	3460
0.56	3156
0.588	3135
0.616	3092
0.644	2966
0.672	2917
0.7	2740
0.728	2900
0.756	2891
0.784	2698
0.812	2723
0.84	2792
0.868	2769
0.896	2851
0.924	2837
0.952	2940
0.98	3671
1.008	4023
1.036	3213
1.064	2980
1.092	2923
1.12	2876
1.148	2980
1.176	2758
1.204	2746
1.232	2819
1.26	2741
1.288	2798
1.316	2696
1.344	2702
1.372	2683
1.4	2624
1.428	2742
1.456	2626
1.484	2580
1.512	2628
1.54	2643
1.568	2618
1.596	2833
1.624	2892
1.652	2678
1.68	2552
1.708	2415
1.736	2317
1.764	2285
1.792	2319
1.82	2291
1.848	2126
1.876	2248
1.904	2141
1.932	2059
1.96	2043
1.988	2018
2.016	1928
2.044	1930
2.072	1928
2.1	1805
2.128	1762
2.156	1725
2.184	1676
2.212	1626
2.24	1570
2.268	1519
2.296	1496
2.324	1391
2.352	1447
2.38	1366
2.408	1315
2.436	1253
2.464	1242
2.492	1124
2.52	1152
2.548	1119
2.576	1107
2.604	1070
2.632	1113
2.66	1064
2.688	1100
2.716	1181
2.744	1030
2.772	951
2.8	1106
2.828	1015
2.856	1023
2.884	1002
2.912	1020
2.94	995
2.968	987
2.996	1071
3.024	1015
3.052	1043
3.08	1040
3.108	1057
3.136	1048
3.164	796
3.192	652
3.22	1623
3.248	643
3.276	646
3.304	613
3.332	635
3.36	615
3.388	573
3.416	599
3.444	726
3.472	631
3.5	651
3.528	618
3.556	598
3.584	616
3.612	581
3.64	631
3.668	575
3.696	584
3.724	535
3.752	585
3.78	602
3.808	584
3.836	570
3.864	603
3.892	588
3.92	619
3.948	2593
3.976	687
4.004	696
4.032	696
4.06	707
4.088	1239
4.116	814
4.144	772
4.172	733
4.2	674
4.228	603
4.256	643
4.284	616
4.312	582
4.34	617
4.368	4495
4.396	627
4.424	687
4.452	6745
4.48	514
4.508	453
4.536	466
4.564	498
4.592	492
4.62	483
4.648	478
4.676	1273
4.704	459
4.732	420
4.76	443
4.788	454
4.816	433
4.844	430
4.872	429
4.9	413
4.928	448
4.956	423
4.984	450
5.012	451
5.04	433
5.068	398
5.096	378
5.124	397
5.152	391
5.18	417
5.208	412
5.236	391
5.264	372
5.292	401
5.32	374
5.348	369
5.376	366
5.404	411
5.432	387
5.46	409
5.488	376
5.516	369
5.544	371
5.572	380
5.6	366
5.628	341
5.656	350
5.684	367
5.712	365
5.74	393
5.768	379
5.796	332
5.824	372
5.852	345
5.88	355
5.908	353
5.936	382
5.964	324
5.992	360
6.02	349
6.048	343
6.076	301
6.104	350
6.132	366
6.16	377
6.188	350
6.216	352
6.244	388
6.272	352
6.3	389
6.328	360
6.356	368
6.384	366
6.412	418
6.44	360
6.468	369
6.496	379
6.524	358
6.552	317
6.58	342
6.608	371
6.636	346
6.664	346
6.692	339
6.72	363
6.748	320
6.776	336
6.804	326
6.832	297
6.86	311
6.888	342
6.916	299
6.944	326
6.972	309
7	291
7.028	351
7.056	329
7.084	342
7.112	320
7.14	322
7.168	314
7.196	338
7.224	317
7.252	306
7.28	314
7.308	293
7.336	308
7.364	278
7.392	317
7.42	290
7.448	280
7.476	296
7.504	309
7.532	302
7.56	301
7.588	274
7.616	268
7.644	269
7.672	287
7.7	292
7.728	296
7.756	295
7.784	310
7.812	342
7.84	299
7.868	346
7.896	353
7.924	379
7.952	2009
7.98	879
8.008	713
8.036	591
8.064	653
8.092	911
8.12	1828
8.148	1133
8.176	823
8.204	566
8.232	428
8.26	572
8.288	614
8.316	580
8.344	413
8.372	300
8.4	243
8.428	244
8.456	226
8.484	250
8.512	201
8.54	202
8.568	242
8.596	218
8.624	263
8.652	277
8.68	299
8.708	289
8.736	265
8.764	259
8.792	210
8.82	195
8.848	221
8.876	228
8.904	222
8.932	222
8.96	192
8.988	214
9.016	221
9.044	167
9.072	178
9.1	223
9.128	319
9.156	191
9.184	168
9.212	165
9.24	180
9.268	184
9.296	183
9.324	201
9.352	194
9.38	210
9.408	205
9.436	186
9.464	183
9.492	194
9.52	164
9.548	140
9.576	168
9.604	161
9.632	140
9.66	492
9.688	164
9.716	149
9.744	145
9.772	135
9.8	148
9.828	158
9.856	162
9.884	144
9.912	160
9.94	123
9.968	125
9.996	153
10.024	143
10.052	136
10.08	140
10.108	129
10.136	155
10.164	124
10.192	115
10.22	127
10.248	121
10.276	133
10.304	135
10.332	147
10.36	121
10.388	129
10.416	124
10.444	155
10.472	134
10.5	130
10.528	127
10.556	147
10.584	153
10.612	127
10.64	121
10.668	169
10.696	155
10.724	129
10.752	142
10.78	190
10.808	172
10.836	151
10.864	123
10.892	144
10.92	145
10.948	156
10.976	159
11.004	163
11.032	174
11.06	157
11.088	141
11.116	150
11.144	169
11.172	153
11.2	159
11.228	143
11.256	170
11.284	842
11.312	186
11.34	179
11.368	171
11.396	180
11.424	137
11.452	163
11.48	156
11.508	132
11.536	138
11.564	131
11.592	137
11.62	168
11.648	146
11.676	178
11.704	172
11.732	195
11.76	247
11.788	3463
11.816	926
11.844	860
11.872	444
11.9	105
11.928	77
11.956	74
11.984	63
12.012	67
12.04	68
12.068	59
12.096	67
12.124	55
12.152	59
12.18	54
12.208	35
12.236	65
12.264	45
12.292	43
12.32	52
12.348	55
12.376	46
12.404	49
12.432	41
12.46	48
12.488	45
12.516	34
12.544	42
12.572	55
12.6	44
12.628	34
12.656	28
12.684	42
12.712	37
12.74	45
12.768	38
12.796	40
12.824	21
12.852	40
12.88	33
12.908	41
12.936	29
12.964	31
12.992	30
13.02	29
13.048	22
13.076	21
13.104	30
13.132	30
13.16	27
13.188	26
13.216	27
13.244	23
13.272	25
13.3	20
13.328	23
13.356	23
13.384	21
13.412	25
13.44	30
13.468	37
13.496	21
13.524	25
13.552	21
13.58	28
13.608	16
13.636	14
13.664	20
13.692	8
13.72	21
13.748	13
13.776	16
13.804	28
13.832	19
13.86	24
13.888	25
13.916	29
13.944	38
13.972	28

	210

0	1.98476e+07
0.028	22814
0.056	8829
0.084	5131
0.112	4365
0.14	3518
0.168	3101
0.196	2522
0.224	2265
0.252	2063
0.28	1694
0.308	1562
0.336	1374
0.364	1365
0.392	1289
0.42	1207
0.448	1066
0.476	999
0.504	1016
0.532	1467
0.56	1091
0.588	1045
0.616	1034
0.644	931
0.672	823
0.7	822
0.728	780
0.756	774
0.784	758
0.812	719
0.84	743
0.868	688
0.896	720
0.924	710
0.952	929
0.98	1550
1.008	2023
1.036	1169
1.064	803
1.092	758
1.12	740
1.148	671
1.176	599
1.204	611
1.232	589
1.26	616
1.288	564
1.316	590
1.344	540
1.372	509
1.4	500
1.428	549
1.456	495
1.484	536
1.512	551
1.54	524
1.568	557
1.596	818
1.624	911
1.652	569
1.68	480
1.708	459
1.736	447
1.764	504
1.792	413
1.82	424
1.848	440
1.876	436
1.904	391
1.932	381
1.96	366
1.988	348
2.016	373
2.044	367
2.072	356
2.1	361
2.128	313
2.156	325
2.184	346
2.212	339
2.24	312
2.268	327
2.296	296
2.324	294
2.352	281
2.38	238
2.408	275
2.436	259
2.464	267
2.492	253
2.52	251
2.548	231
2.576	223
2.604	242
2.632	248
2.66	275
2.688	258
2.716	407
2.744	261
2.772	257
2.8	238
2.828	233
2.856	250
2.884	253
2.912	227
2.94	236
2.968	241
2.996	259
3.024	220
3.052	221
3.08	227
3.108	226
3.136	198
3.164	185
3.192	173
3.22	1183
3.248	163
3.276	173
3.304	173
3.332	170
3.36	192
3.388	176
3.416	165
3.444	297
3.472	194
3.5	196
3.528	191
3.556	200
3.584	179
3.612	213
3.64	178
3.668	215
3.696	191
3.724	212
3.752	211
3.78	206
3.808	182
3.836	214
3.864	216
3.892	201
3.92	296
3.948	1970
3.976	305
4.004	265
4.032	282
4.06	274
4.088	320
4.116	239
4.144	212
4.172	245
4.2	216
4.228	191
4.256	162
4.284	181
4.312	175
4.34	148
4.368	206
4.396	188
4.424	336
4.452	6019
4.48	98
4.508	110
4.536	94
4.564	88
4.592	86
4.62	91
4.648	115
4.676	87
4.704	79
4.732	76
4.76	87
4.788	69
4.816	88
4.844	66
4.872	80
4.9	98
4.928	80
4.956	95
4.984	79
5.012	77
5.04	80
5.068	65
5.096	61
5.124	73
5.152	71
5.18	88
5.208	83
5.236	77
5.264	72
5.292	70
5.32	78
5.348	77
5.376	62
5.404	76
5.432	98
5.46	65
5.488	81
5.516	74
5.544	55
5.572	67
5.6	71
5.628	65
5.656	77
5.684	73
5.712	77
5.74	67
5.768	79
5.796	71
5.824	61
5.852	74
5.88	69
5.908	68
5.936	69
5.964	63
5.992	75
6.02	73
6.048	61
6.076	71
6.104	74
6.132	62
6.16	80
6.188	68
6.216	69
6.244	76
6.272	76
6.3	63
6.328	82
6.356	70
6.384	73
6.412	65
6.44	83
6.468	79
6.496	71
6.524	68
6.552	84
6.58	78
6.608	71
6.636	73
6.664	80
6.692	73
6.72	73
6.748	78
6.776	88
6.804	79
6.832	64
6.86	53
6.888	71
6.916	75
6.944	73
6.972	96
7	80
7.028	80
7.056	72
7.084	86
7.112	75
7.14	75
7.168	73
7.196	85
7.224	89
7.252	95
7.28	81
7.308	78
7.336	72
7.364	83
7.392	82
7.42	69
7.448	91
7.476	81
7.504	86
7.532	79
7.56	92
7.588	76
7.616	77
7.644	97
7.672	73
7.7	106
7.728	108
7.756	99
7.784	117
7.812	118
7.84	140
7.868	132
7.896	146
7.924	116
7.952	199
7.98	134
8.008	124
8.036	138
8.064	109
8.092	133
8.12	124
8.148	113
8.176	96
8.204	93
8.232	69
8.26	71
8.288	66
8.316	50
8.344	62
8.372	57
8.4	64
8.428	38
8.456	59
8.484	43
8.512	57
8.54	54
8.568	60
8.596	54
8.624	71
8.652	55
8.68	48
8.708	53
8.736	47
8.764	42
8.792	49
8.82	46
8.848	52
8.876	51
8.904	47
8.932	47
8.96	41
8.988	43
9.016	43
9.044	41
9.072	48
9.1	39
9.128	184
9.156	39
9.184	50
9.212	35
9.24	50
9.268	39
9.296	55
9.324	35
9.352	35
9.38	37
9.408	33
9.436	28
9.464	37
9.492	29
9.52	36
9.548	32
9.576	37
9.604	34
9.632	36
9.66	360
9.688	41
9.716	36
9.744	31
9.772	21
9.8	36
9.828	30
9.856	24
9.884	33
9.912	36
9.94	41
9.968	29
9.996	40
10.024	36
10.052	37
10.08	26
10.108	28
10.136	31
10.164	30
10.192	36
10.22	24
10.248	41
10.276	29
10.304	39
10.332	40
10.36	41
10.388	41
10.416	42
10.444	32
10.472	33
10.5	37
10.528	34
10.556	47
10.584	35
10.612	33
10.64	35
10.668	40
10.696	48
10.724	48
10.752	37
10.78	36
10.808	27
10.836	44
10.864	42
10.892	52
10.92	40
10.948	53
10.976	31
11.004	38
11.032	53
11.06	49
11.088	64
11.116	56
11.144	57
11.172	60
11.2	49
11.228	57
11.256	46
11.284	58
11.312	53
11.34	59
11.368	55
11.396	49
11.424	59
11.452	66
11.48	70
11.508	69
11.536	78
11.564	81
11.592	85
11.62	94
11.648	103
11.676	103
11.704	118
11.732	101
11.76	89
11.788	102
11.816	66
11.844	52
11.872	34
11.9	31
11.928	28
11.956	30
11.984	21
12.012	22
12.04	23
12.068	20
12.096	15
12.124	11
12.152	17
12.18	23
12.208	24
12.236	23
12.264	18
12.292	19
12.32	15
12.348	16
12.376	13
12.404	23
12.432	13
12.46	19
12.488	15
12.516	21
12.544	13
12.572	20
12.6	13
12.628	20
12.656	13
12.684	10
12.712	12
12.74	13
12.768	5
12.796	13
12.824	15
12.852	7
12.88	14
12.908	9
12.936	11
12.964	4
12.992	11
13.02	6
13.048	4
13.076	3
13.104	3
13.132	2
13.16	2
13.188	4
13.216	4
13.244	4
13.272	5
13.3	5
13.328	4
13.356	3
13.384	4
13.412	0
13.44	3
13.468	3
13.496	4
13.524	4
13.552	4
13.58	4
13.608	4
13.636	3
13.664	5
13.692	5
13.72	4
13.748	3
13.776	1
13.804	7
13.832	3
13.86	6
13.888	4
13.916	4
13.944	2
13.972	6

	225

0	1.98931e+07
0.028	14248
0.056	6125
0.084	3586
0.112	2913
0.14	2364
0.168	2116
0.196	1901
0.224	1592
0.252	1499
0.28	1340
0.308	1150
0.336	1023
0.364	1010
0.392	945
0.42	850
0.448	837
0.476	755
0.504	770
0.532	1283
0.56	860
0.588	834
0.616	775
0.644	744
0.672	676
0.7	633
0.728	588
0.756	601
0.784	588
0.812	531
0.84	513
0.868	484
0.896	540
0.924	547
0.952	717
0.98	1397
1.008	1780
1.036	943
1.064	578
1.092	561
1.12	509
1.148	473
1.176	390
1.204	386
1.232	389
1.26	385
1.288	339
1.316	342
1.344	373
1.372	327
1.4	371
1.428	346
1.456	299
1.484	283
1.512	332
1.54	308
1.568	348
1.596	624
1.624	766
1.652	376
1.68	302
1.708	283
1.736	253
1.764	248
1.792	259
1.82	248
1.848	234
1.876	230
1.904	208
1.932	219
1.96	252
1.988	214
2.016	242
2.044	221
2.072	207
2.1	219
2.128	190
2.156	191
2.184	185
2.212	227
2.24	208
2.268	192
2.296	182
2.324	191
2.352	167
2.38	162
2.408	184
2.436	159
2.464	189
2.492	136
2.52	160
2.548	169
2.576	143
2.604	171
2.632	171
2.66	158
2.688	157
2.716	410
2.744	164
2.772	164
2.8	159
2.828	157
2.856	157
2.884	190
2.912	150
2.94	150
2.968	156
2.996	147
3.024	158
3.052	129
3.08	159
3.108	150
3.136	131
3.164	137
3.192	118
3.22	1077
3.248	127
3.276	135
3.304	116
3.332	115
3.36	155
3.388	142
3.416	139
3.444	259
3.472	138
3.5	151
3.528	166
3.556	141
3.584	170
3.612	134
3.64	142
3.668	150
3.696	162
3.724	154
3.752	132
3.78	149
3.808	148
3.836	160
3.864	141
3.892	183
3.92	345
3.948	1805
3.976	207
4.004	212
4.032	209
4.06	198
4.088	183
4.116	176
4.144	167
4.172	151
4.2	123
4.228	105
4.256	93
4.284	69
4.312	66
4.34	59
4.368	101
4.396	138
4.424	404
4.452	5482
4.48	70
4.508	46
4.536	49
4.564	55
4.592	55
4.62	58
4.648	52
4.676	60
4.704	46
4.732	41
4.76	60
4.788	47
4.816	42
4.844	41
4.872	75
4.9	37
4.928	46
4.956	47
4.984	34
5.012	53
5.04	42
5.068	56
5.096	48
5.124	49
5.152	43
5.18	53
5.208	40
5.236	61
5.264	48
5.292	47
5.32	42
5.348	50
5.376	49
5.404	35
5.432	36
5.46	45
5.488	45
5.516	44
5.544	48
5.572	44
5.6	41
5.628	49
5.656	42
5.684	45
5.712	48
5.74	40
5.768	53
5.796	42
5.824	36
5.852	49
5.88	42
5.908	37
5.936	34
5.964	44
5.992	39
6.02	39
6.048	44
6.076	40
6.104	40
6.132	48
6.16	43
6.188	43
6.216	48
6.244	43
6.272	48
6.3	39
6.328	48
6.356	64
6.384	51
6.412	53
6.44	46
6.468	42
6.496	41
6.524	59
6.552	37
6.58	54
6.608	53
6.636	46
6.664	64
6.692	49
6.72	69
6.748	47
6.776	52
6.804	52
6.832	56
6.86	62
6.888	62
6.916	57
6.944	51
6.972	54
7	61
7.028	51
7.056	59
7.084	44
7.112	56
7.14	43
7.168	49
7.196	49
7.224	51
7.252	46
7.28	56
7.308	49
7.336	66
7.364	62
7.392	61
7.42	57
7.448	44
7.476	59
7.504	62
7.532	55
7.56	65
7.588	68
7.616	51
7.644	71
7.672	67
7.7	57
7.728	77
7.756	61
7.784	82
7.812	70
7.84	76
7.868	71
7.896	69
7.924	54
7.952	74
7.98	47
8.008	59
8.036	47
8.064	64
8.092	45
8.12	48
8.148	44
8.176	36
8.204	40
8.232	31
8.26	36
8.288	41
8.316	32
8.344	38
8.372	35
8.4	25
8.428	32
8.456	32
8.484	32
8.512	44
8.54	38
8.568	27
8.596	28
8.624	40
8.652	30
8.68	32
8.708	33
8.736	30
8.764	29
8.792	24
8.82	34
8.848	36
8.876	34
8.904	32
8.932	37
8.96	33
8.988	27
9.016	26
9.044	30
9.072	28
9.1	23
9.128	173
9.156	25
9.184	34
9.212	42
9.24	33
9.268	25
9.296	31
9.324	29
9.352	24
9.38	27
9.408	27
9.436	20
9.464	24
9.492	21
9.52	16
9.548	20
9.576	10
9.604	18
9.632	23
9.66	355
9.688	21
9.716	21
9.744	33
9.772	30
9.8	21
9.828	18
9.856	21
9.884	25
9.912	37
9.94	17
9.968	18
9.996	28
10.024	25
10.052	24
10.08	19
10.108	21
10.136	22
10.164	19
10.192	24
10.22	35
10.248	26
10.276	28
10.304	26
10.332	28
10.36	25
10.388	26
10.416	26
10.444	23
10.472	24
10.5	22
10.528	30
10.556	34
10.584	29
10.612	22
10.64	25
10.668	35
10.696	17
10.724	27
10.752	37
10.78	29
10.808	40
10.836	26
10.864	35
10.892	44
10.92	34
10.948	33
10.976	42
11.004	42
11.032	39
11.06	41
11.088	40
11.116	37
11.144	40
11.172	57
11.2	36
11.228	40
11.256	50
11.284	42
11.312	44
11.34	53
11.368	45
11.396	56
11.424	41
11.452	53
11.48	59
11.508	68
11.536	57
11.564	58
11.592	58
11.62	52
11.648	47
11.676	47
11.704	45
11.732	23
11.76	26
11.788	22
11.816	24
11.844	23
11.872	31
11.9	20
11.928	22
11.956	24
11.984	24
12.012	18
12.04	33
12.068	10
12.096	19
12.124	16
12.152	23
12.18	15
12.208	11
12.236	17
12.264	9
12.292	11
12.32	15
12.348	28
12.376	10
12.404	13
12.432	16
12.46	21
12.488	10
12.516	9
12.544	13
12.572	8
12.6	15
12.628	10
12.656	6
12.684	9
12.712	3
12.74	9
12.768	16
12.796	7
12.824	7
12.852	5
12.88	10
12.908	10
12.936	2
12.964	7
12.992	3
13.02	5
13.048	0
13.076	2
13.104	3
13.132	0
13.16	2
13.188	1
13.216	1
13.244	2
13.272	0
13.3	1
13.328	1
13.356	2
13.384	0
13.412	1
13.44	2
13.468	3
13.496	1
13.524	1
13.552	4
13.58	3
13.608	3
13.636	1
13.664	2
13.692	2
13.72	0
13.748	4
13.776	3
13.804	2
13.832	3
13.86	4
13.888	1
13.916	0
13.944	1
13.972	0

	240

0	1.99149e+07
0.028	10550
0.056	5093
0.084	2922
0.112	2319
0.14	1930
0.168	1615
0.196	1477
0.224	1385
0.252	1270
0.28	1098
0.308	997
0.336	902
0.364	881
0.392	824
0.42	763
0.448	709
0.476	667
0.504	660
0.532	1304
0.56	731
0.588	752
0.616	725
0.644	691
0.672	533
0.7	518
0.728	488
0.756	508
0.784	461
0.812	451
0.84	404
0.868	411
0.896	385
0.924	396
0.952	590
0.98	1370
1.008	1778
1.036	915
1.064	460
1.092	420
1.12	408
1.148	352
1.176	285
1.204	233
1.232	262
1.26	245
1.288	210
1.316	205
1.344	217
1.372	194
1.4	191
1.428	201
1.456	202
1.484	209
1.512	211
1.54	228
1.568	224
1.596	512
1.624	657
1.652	304
1.68	170
1.708	187
1.736	156
1.764	145
1.792	168
1.82	185
1.848	155
1.876	119
1.904	163
1.932	131
1.96	149
1.988	131
2.016	118
2.044	141
2.072	135
2.1	131
2.128	142
2.156	142
2.184	133
2.212	131
2.24	141
2.268	119
2.296	133
2.324	116
2.352	114
2.38	118
2.408	155
2.436	105
2.464	110
2.492	128
2.52	130
2.548	123
2.576	121
2.604	130
2.632	120
2.66	118
2.688	118
2.716	329
2.744	126
2.772	127
2.8	111
2.828	105
2.856	118
2.884	128
2.912	134
2.94	114
2.968	121
2.996	109
3.024	116
3.052	113
3.08	88
3.108	91
3.136	108
3.164	102
3.192	110
3.22	1186
3.248	103
3.276	88
3.304	105
3.332	98
3.36	111
3.388	103
3.416	120
3.444	219
3.472	115
3.5	132
3.528	117
3.556	125
3.584	127
3.612	117
3.64	135
3.668	115
3.696	118
3.724	117
3.752	131
3.78	125
3.808	129
3.836	135
3.864	112
3.892	151
3.92	341
3.948	1524
3.976	187
4.004	169
4.032	137
4.06	164
4.088	152
4.116	122
4.144	142
4.172	120
4.2	101
4.228	73
4.256	46
4.284	45
4.312	40
4.34	30
4.368	66
4.396	144
4.424	641
4.452	4701
4.48	54
4.508	35
4.536	36
4.564	28
4.592	35
4.62	37
4.648	19
4.676	31
4.704	40
4.732	33
4.76	24
4.788	17
4.816	34
4.844	30
4.872	36
4.9	30
4.928	33
4.956	30
4.984	25
5.012	28
5.04	32
5.068	25
5.096	23
5.124	24
5.152	27
5.18	28
5.208	23
5.236	24
5.264	23
5.292	20
5.32	31
5.348	29
5.376	25
5.404	27
5.432	32
5.46	34
5.488	38
5.516	28
5.544	25
5.572	33
5.6	40
5.628	29
5.656	37
5.684	34
5.712	26
5.74	30
5.768	27
5.796	27
5.824	34
5.852	28
5.88	24
5.908	37
5.936	26
5.964	31
5.992	32
6.02	18
6.048	30
6.076	47
6.104	32
6.132	43
6.16	36
6.188	31
6.216	35
6.244	25
6.272	41
6.3	44
6.328	42
6.356	30
6.384	47
6.412	36
6.44	39
6.468	44
6.496	49
6.524	40
6.552	38
6.58	37
6.608	37
6.636	46
6.664	35
6.692	35
6.72	34
6.748	46
6.776	46
6.804	44
6.832	47
6.86	39
6.888	44
6.916	44
6.944	46
6.972	40
7	40
7.028	33
7.056	48
7.084	39
7.112	30
7.14	46
7.168	36
7.196	28
7.224	57
7.252	39
7.28	41
7.308	49
7.336	51
7.364	42
7.392	31
7.42	54
7.448	27
7.476	46
7.504	41
7.532	35
7.56	42
7.588	30
7.616	42
7.644	34
7.672	41
7.7	47
7.728	42
7.756	30
7.784	43
7.812	35
7.84	27
7.868	25
7.896	30
7.924	22
7.952	23
7.98	24
8.008	27
8.036	22
8.064	35
8.092	18
8.12	28
8.148	25
8.176	33
8.204	25
8.232	30
8.26	17
8.288	19
8.316	25
8.344	22
8.372	27
8.4	23
8.428	33
8.456	28
8.484	30
8.512	18
8.54	18
8.568	32
8.596	29
8.624	31
8.652	38
8.68	22
8.708	24
8.736	24
8.764	23
8.792	23
8.82	25
8.848	26
8.876	35
8.904	27
8.932	24
8.96	23
8.988	28
9.016	32
9.044	19
9.072	19
9.1	18
9.128	191
9.156	26
9.184	29
9.212	34
9.24	21
9.268	28
9.296	36
9.324	21
9.352	26
9.38	14
9.408	16
9.436	14
9.464	20
9.492	10
9.52	27
9.548	17
9.576	18
9.604	14
9.632	24
9.66	360
9.688	9
9.716	21
9.744	16
9.772	11
9.8	12
9.828	21
9.856	19
9.884	17
9.912	19
9.94	16
9.968	21
9.996	21
10.024	20
10.052	19
10.08	15
10.108	15
10.136	13
10.164	7
10.192	12
10.22	20
10.248	21
10.276	17
10.304	17
10.332	21
10.36	23
10.388	18
10.416	18
10.444	26
10.472	21
10.5	18
10.528	20
10.556	32
10.584	27
10.612	26
10.64	20
10.668	24
10.696	28
10.724	21
10.752	30
10.78	39
10.808	33
10.836	25
10.864	28
10.892	31
10.92	33
10.948	25
10.976	28
11.004	26
11.032	30
11.06	27
11.088	33
11.116	34
11.144	34
11.172	32
11.2	37
11.228	34
11.256	32
11.284	28
11.312	48
11.34	42
11.368	29
11.396	29
11.424	45
11.452	32
11.48	28
11.508	27
11.536	35
11.564	28
11.592	28
11.62	22
11.648	22
11.676	29
11.704	35
11.732	22
11.76	23
11.788	24
11.816	22
11.844	30
11.872	31
11.9	35
11.928	13
11.956	20
11.984	15
12.012	15
12.04	16
12.068	22
12.096	12
12.124	13
12.152	22
12.18	15
12.208	11
12.236	13
12.264	21
12.292	19
12.32	11
12.348	11
12.376	14
12.404	20
12.432	9
12.46	14
12.488	14
12.516	15
12.544	9
12.572	7
12.6	14
12.628	12
12.656	16
12.684	10
12.712	6
12.74	4
12.768	9
12.796	10
12.824	8
12.852	6
12.88	6
12.908	7
12.936	5
12.964	1
12.992	3
13.02	0
13.048	1
13.076	1
13.104	0
13.132	0
13.16	0
13.188	2
13.216	0
13.244	0
13.272	1
13.3	0
13.328	1
13.356	0
13.384	0
13.412	0
13.44	0
13.468	1
13.496	0
13.524	6
13.552	0
13.58	1
13.608	0
13.636	3
13.664	0
13.692	2
13.72	2
13.748	1
13.776	1
13.804	0
13.832	2
13.86	0
13.888	1
13.916	1
13.944	0
13.972	2

	255

0	1.99218e+07
0.028	9465
0.056	4733
0.084	2525
0.112	2102
0.14	1771
0.168	1585
0.196	1423
0.224	1359
0.252	1224
0.28	1098
0.308	908
0.336	888
0.364	797
0.392	847
0.42	761
0.448	714
0.476	679
0.504	645
0.532	1289
0.56	756
0.588	759
0.616	751
0.644	677
0.672	533
0.7	468
0.728	496
0.756	421
0.784	423
0.812	402
0.84	355
0.868	357
0.896	347
0.924	412
0.952	588
0.98	1343
1.008	1873
1.036	846
1.064	436
1.092	363
1.12	363
1.148	299
1.176	222
1.204	220
1.232	206
1.26	215
1.288	198
1.316	191
1.344	174
1.372	169
1.4	165
1.428	152
1.456	151
1.484	196
1.512	206
1.54	188
1.568	210
1.596	485
1.624	650
1.652	294
1.68	146
1.708	149
1.736	126
1.764	127
1.792	133
1.82	132
1.848	144
1.876	129
1.904	115
1.932	107
1.96	117
1.988	116
2.016	119
2.044	104
2.072	113
2.1	107
2.128	113
2.156	92
2.184	114
2.212	123
2.24	114
2.268	104
2.296	107
2.324	106
2.352	118
2.38	103
2.408	110
2.436	96
2.464	119
2.492	91
2.52	114
2.548	107
2.576	89
2.604	107
2.632	102
2.66	101
2.688	84
2.716	306
2.744	103
2.772	111
2.8	128
2.828	83
2.856	90
2.884	100
2.912	110
2.94	89
2.968	99
2.996	83
3.024	70
3.052	100
3.08	87
3.108	71
3.136	76
3.164	92
3.192	105
3.22	1250
3.248	90
3.276	86
3.304	81
3.332	76
3.36	76
3.388	108
3.416	124
3.444	186
3.472	103
3.5	98
3.528	109
3.556	95
3.584	91
3.612	106
3.64	89
3.668	104
3.696	110
3.724	110
3.752	98
3.78	96
3.808	78
3.836	104
3.864	95
3.892	169
3.92	394
3.948	1324
3.976	141
4.004	174
4.032	154
4.06	133
4.088	124
4.116	111
4.144	98
4.172	87
4.2	91
4.228	50
4.256	42
4.284	29
4.312	37
4.34	33
4.368	61
4.396	204
4.424	861
4.452	4075
4.48	25
4.508	28
4.536	35
4.564	28
4.592	27
4.62	18
4.648	19
4.676	18
4.704	22
4.732	19
4.76	28
4.788	19
4.816	14
4.844	18
4.872	22
4.9	22
4.928	24
4.956	29
4.984	15
5.012	31
5.04	24
5.068	30
5.096	24
5.124	24
5.152	19
5.18	21
5.208	24
5.236	25
5.264	19
5.292	26
5.32	22
5.348	21
5.376	20
5.404	14
5.432	27
5.46	22
5.488	29
5.516	14
5.544	22
5.572	28
5.6	22
5.628	22
5.656	25
5.684	26
5.712	28
5.74	24
5.768	39
5.796	38
5.824	25
5.852	29
5.88	33
5.908	28
5.936	24
5.964	29
5.992	23
6.02	34
6.048	40
6.076	31
6.104	15
6.132	26
6.16	29
6.188	32
6.216	20
6.244	40
6.272	31
6.3	27
6.328	37
6.356	22
6.384	35
6.412	23
6.44	35
6.468	36
6.496	30
6.524	42
6.552	42
6.58	38
6.608	33
6.636	34
6.664	31
6.692	39
6.72	44
6.748	32
6.776	35
6.804	34
6.832	38
6.86	27
6.888	33
6.916	36
6.944	38
6.972	32
7	33
7.028	38
7.056	37
7.084	39
7.112	31
7.14	35
7.168	29
7.196	22
7.224	31
7.252	33
7.28	35
7.308	18
7.336	38
7.364	31
7.392	35
7.42	18
7.448	23
7.476	31
7.504	19
7.532	24
7.56	33
7.588	23
7.616	21
7.644	26
7.672	30
7.7	23
7.728	28
7.756	29
7.784	27
7.812	19
7.84	26
7.868	27
7.896	26
7.924	18
7.952	20
7.98	25
8.008	22
8.036	30
8.064	19
8.092	28
8.12	26
8.148	27
8.176	21
8.204	18
8.232	24
8.26	19
8.288	22
8.316	16
8.344	19
8.372	21
8.4	18
8.428	32
8.456	21
8.484	28
8.512	25
8.54	20
8.568	20
8.596	26
8.624	27
8.652	29
8.68	24
8.708	25
8.736	24
8.764	32
8.792	26
8.82	22
8.848	23
8.876	33
8.904	21
8.932	22
8.96	28
8.988	20
9.016	21
9.044	26
9.072	26
9.1	20
9.128	203
9.156	37
9.184	27
9.212	36
9.24	28
9.268	25
9.296	25
9.324	18
9.352	20
9.38	22
9.408	17
9.436	25
9.464	17
9.492	17
9.52	13
9.548	14
9.576	14
9.604	16
9.632	21
9.66	440
9.688	23
9.716	19
9.744	11
9.772	21
9.8	14
9.828	11
9.856	14
9.884	21
9.912	28
9.94	14
9.968	20
9.996	16
10.024	22
10.052	16
10.08	18
10.108	20
10.136	19
10.164	23
10.192	12
10.22	24
10.248	27
10.276	25
10.304	19
10.332	27
10.36	23
10.388	20
10.416	19
10.444	23
10.472	21
10.5	26
10.528	19
10.556	22
10.584	25
10.612	29
10.64	31
10.668	19
10.696	25
10.724	21
10.752	21
10.78	25
10.808	26
10.836	20
10.864	18
10.892	24
10.92	27
10.948	21
10.976	21
11.004	26
11.032	28
11.06	26
11.088	33
11.116	27
11.144	31
11.172	24
11.2	24
11.228	22
11.256	33
11.284	19
11.312	22
11.34	33
11.368	28
11.396	22
11.424	23
11.452	23
11.48	25
11.508	26
11.536	33
11.564	34
11.592	22
11.62	23
11.648	23
11.676	25
11.704	28
11.732	21
11.76	19
11.788	23
11.816	25
11.844	18
11.872	27
11.9	31
11.928	22
11.956	20
11.984	13
12.012	13
12.04	13
12.068	24
12.096	24
12.124	22
12.152	13
12.18	16
12.208	21
12.236	16
12.264	14
12.292	16
12.32	20
12.348	14
12.376	10
12.404	9
12.432	9
12.46	12
12.488	13
12.516	8
12.544	4
12.572	13
12.6	13
12.628	7
12.656	11
12.684	10
12.712	5
12.74	5
12.768	4
12.796	12
12.824	9
12.852	4
12.88	4
12.908	3
12.936	3
12.964	4
12.992	0
13.02	0
13.048	0
13.076	1
13.104	1
13.132	0
13.16	0
13.188	2
13.216	0
13.244	0
13.272	0
13.3	1
13.328	0
13.356	0
13.384	0
13.412	0
13.44	0
13.468	0
13.496	0
13.524	1
13.552	0
13.58	0
13.608	0
13.636	0
13.664	0
13.692	0
13.72	0
13.748	0
13.776	0
13.804	0
13.832	1
13.86	0
13.888	0
13.916	0
13.944	0
13.972	0

	270

0	1.9922e+07
0.028	9772
0.056	4876
0.084	2648
0.112	2074
0.14	1849
0.168	1557
0.196	1408
0.224	1355
0.252	1188
0.28	1085
0.308	996
0.336	898
0.364	841
0.392	763
0.42	751
0.448	702
0.476	671
0.504	647
0.532	1329
0.56	743
0.588	781
0.616	703
0.644	635
0.672	500
0.7	430
0.728	445
0.756	407
0.784	411
0.812	355
0.84	366
0.868	353
0.896	358
0.924	388
0.952	562
0.98	1450
1.008	1904
1.036	942
1.064	451
1.092	391
1.12	382
1.148	306
1.176	218
1.204	199
1.232	210
1.26	215
1.288	205
1.316	171
1.344	169
1.372	184
1.4	180
1.428	164
1.456	162
1.484	199
1.512	159
1.54	186
1.568	196
1.596	534
1.624	683
1.652	299
1.68	130
1.708	121
1.736	130
1.764	137
1.792	121
1.82	135
1.848	124
1.876	119
1.904	105
1.932	103
1.96	110
1.988	85
2.016	106
2.044	94
2.072	104
2.1	84
2.128	106
2.156	91
2.184	92
2.212	119
2.24	119
2.268	114
2.296	96
2.324	84
2.352	104
2.38	94
2.408	130
2.436	107
2.464	115
2.492	87
2.52	122
2.548	116
2.576	110
2.604	115
2.632	101
2.66	101
2.688	119
2.716	315
2.744	97
2.772	109
2.8	96
2.828	115
2.856	108
2.884	112
2.912	91
2.94	90
2.968	96
2.996	74
3.024	89
3.052	76
3.08	68
3.108	83
3.136	85
3.164	79
3.192	93
3.22	1203
3.248	89
3.276	84
3.304	88
3.332	92
3.36	84
3.388	98
3.416	93
3.444	187
3.472	88
3.5	109
3.528	91
3.556	97
3.584	105
3.612	91
3.64	113
3.668	89
3.696	98
3.724	100
3.752	90
3.78	81
3.808	88
3.836	94
3.864	126
3.892	253
3.92	397
3.948	1038
3.976	154
4.004	127
4.032	125
4.06	127
4.088	121
4.116	92
4.144	92
4.172	71
4.2	72
4.228	48
4.256	62
4.284	29
4.312	21
4.34	31
4.368	101
4.396	400
4.424	948
4.452	3457
4.48	33
4.508	26
4.536	27
4.564	26
4.592	26
4.62	17
4.648	22
4.676	17
4.704	21
4.732	26
4.76	24
4.788	24
4.816	27
4.844	23
4.872	27
4.9	17
4.928	23
4.956	23
4.984	20
5.012	22
5.04	25
5.068	25
5.096	22
5.124	31
5.152	19
5.18	22
5.208	25
5.236	20
5.264	22
5.292	24
5.32	24
5.348	18
5.376	32
5.404	26
5.432	21
5.46	27
5.488	22
5.516	26
5.544	19
5.572	27
5.6	26
5.628	30
5.656	24
5.684	28
5.712	21
5.74	33
5.768	21
5.796	32
5.824	22
5.852	25
5.88	28
5.908	35
5.936	32
5.964	33
5.992	27
6.02	30
6.048	33
6.076	28
6.104	28
6.132	48
6.16	41
6.188	25
6.216	34
6.244	36
6.272	35
6.3	30
6.328	33
6.356	30
6.384	30
6.412	33
6.44	27
6.468	34
6.496	27
6.524	35
6.552	33
6.58	23
6.608	31
6.636	30
6.664	30
6.692	24
6.72	34
6.748	30
6.776	22
6.804	38
6.832	28
6.86	33
6.888	28
6.916	29
6.944	32
6.972	29
7	37
7.028	22
7.056	34
7.084	34
7.112	20
7.14	28
7.168	31
7.196	29
7.224	25
7.252	26
7.28	23
7.308	32
7.336	34
7.364	18
7.392	22
7.42	25
7.448	23
7.476	31
7.504	25
7.532	25
7.56	28
7.588	14
7.616	26
7.644	24
7.672	21
7.7	31
7.728	17
7.756	27
7.784	29
7.812	20
7.84	17
7.868	24
7.896	20
7.924	15
7.952	19
7.98	27
8.008	19
8.036	26
8.064	24
8.092	27
8.12	24
8.148	24
8.176	28
8.204	29
8.232	28
8.26	23
8.288	25
8.316	31
8.344	36
8.372	31
8.4	20
8.428	25
8.456	19
8.484	23
8.512	26
8.54	22
8.568	14
8.596	26
8.624	29
8.652	26
8.68	17
8.708	24
8.736	22
8.764	23
8.792	26
8.82	28
8.848	16
8.876	30
8.904	27
8.932	20
8.96	26
8.988	19
9.016	25
9.044	24
9.072	29
9.1	15
9.128	202
9.156	41
9.184	35
9.212	21
9.24	36
9.268	21
9.296	29
9.324	22
9.352	20
9.38	24
9.408	26
9.436	25
9.464	19
9.492	18
9.52	24
9.548	13
9.576	12
9.604	25
9.632	17
9.66	405
9.688	16
9.716	19
9.744	27
9.772	28
9.8	21
9.828	17
9.856	16
9.884	18
9.912	30
9.94	25
9.968	22
9.996	11
10.024	16
10.052	20
10.08	23
10.108	22
10.136	22
10.164	16
10.192	14
10.22	25
10.248	20
10.276	23
10.304	21
10.332	21
10.36	23
10.388	16
10.416	21
10.444	17
10.472	21
10.5	17
10.528	23
10.556	20
10.584	28
10.612	19
10.64	25
10.668	21
10.696	27
10.724	24
10.752	20
10.78	30
10.808	24
10.836	26
10.864	23
10.892	24
10.92	31
10.948	32
10.976	20
11.004	27
11.032	34
11.06	29
11.088	15
11.116	24
11.144	30
11.172	31
11.2	30
11.228	36
11.256	34
11.284	39
11.312	41
11.34	33
11.368	27
11.396	23
11.424	38
11.452	35
11.48	25
11.508	30
11.536	12
11.564	19
11.592	24
11.62	27
11.648	27
11.676	20
11.704	31
11.732	29
11.76	25
11.788	32
11.816	32
11.844	22
11.872	22
11.9	30
11.928	30
11.956	26
11.984	21
12.012	18
12.04	10
12.068	22
12.096	16
12.124	21
12.152	20
12.18	13
12.208	19
12.236	13
12.264	14
12.292	11
12.32	13
12.348	17
12.376	11
12.404	13
12.432	8
12.46	16
12.488	12
12.516	9
12.544	6
12.572	13
12.6	11
12.628	11
12.656	7
12.684	9
12.712	8
12.74	4
12.768	9
12.796	2
12.824	9
12.852	5
12.88	4
12.908	4
12.936	2
12.964	1
12.992	1
13.02	2
13.048	0
13.076	0
13.104	0
13.132	1
13.16	0
13.188	0
13.216	0
13.244	1
13.272	0
13.3	0
13.328	1
13.356	1
13.384	0
13.412	0
13.44	1
13.468	0
13.496	0
13.524	0
13.552	0
13.58	0
13.608	0
13.636	0
13.664	0
13.692	0
13.72	0
13.748	0
13.776	0
13.804	0
13.832	0
13.86	0
13.888	0
13.916	0
13.944	0
13.972	1

	285

0	1.99207e+07
0.028	9919
0.056	4959
0.084	2627
0.112	2134
0.14	1744
0.168	1629
0.196	1371
0.224	1340
0.252	1191
0.28	1084
0.308	1006
0.336	925
0.364	867
0.392	878
0.42	741
0.448	701
0.476	622
0.504	660
0.532	1240
0.56	750
0.588	751
0.616	719
0.644	621
0.672	487
0.7	430
0.728	446
0.756	443
0.784	410
0.812	395
0.84	369
0.868	360
0.896	339
0.924	375
0.952	573
0.98	1462
1.008	2026
1.036	917
1.064	462
1.092	394
1.12	357
1.148	317
1.176	228
1.204	231
1.232	203
1.26	190
1.288	204
1.316	196
1.344	177
1.372	146
1.4	171
1.428	181
1.456	139
1.484	192
1.512	189
1.54	190
1.568	236
1.596	536
1.624	737
1.652	258
1.68	141
1.708	125
1.736	122
1.764	109
1.792	134
1.82	123
1.848	119
1.876	125
1.904	105
1.932	101
1.96	112
1.988	117
2.016	116
2.044	104
2.072	104
2.1	105
2.128	108
2.156	98
2.184	109
2.212	125
2.24	118
2.268	116
2.296	107
2.324	111
2.352	105
2.38	94
2.408	103
2.436	107
2.464	103
2.492	109
2.52	104
2.548	102
2.576	84
2.604	117
2.632	116
2.66	98
2.688	102
2.716	313
2.744	118
2.772	108
2.8	96
2.828	114
2.856	117
2.884	127
2.912	98
2.94	107
2.968	91
2.996	90
3.024	104
3.052	79
3.08	84
3.108	81
3.136	84
3.164	90
3.192	93
3.22	1220
3.248	76
3.276	82
3.304	97
3.332	98
3.36	99
3.388	99
3.416	109
3.444	152
3.472	94
3.5	95
3.528	100
3.556	85
3.584	90
3.612	95
3.64	98
3.668	108
3.696	104
3.724	88
3.752	87
3.78	101
3.808	77
3.836	101
3.864	186
3.892	359
3.92	433
3.948	969
3.976	145
4.004	138
4.032	117
4.06	141
4.088	116
4.116	134
4.144	97
4.172	89
4.2	86
4.228	56
4.256	52
4.284	40
4.312	31
4.34	32
4.368	207
4.396	779
4.424	1131
4.452	3252
4.48	21
4.508	26
4.536	27
4.564	22
4.592	22
4.62	13
4.648	14
4.676	24
4.704	24
4.732	29
4.76	25
4.788	26
4.816	23
4.844	31
4.872	24
4.9	18
4.928	24
4.956	34
4.984	30
5.012	31
5.04	22
5.068	26
5.096	25
5.124	34
5.152	26
5.18	31
5.208	21
5.236	26
5.264	28
5.292	22
5.32	23
5.348	25
5.376	29
5.404	30
5.432	30
5.46	30
5.488	30
5.516	18
5.544	26
5.572	34
5.6	24
5.628	43
5.656	27
5.684	38
5.712	38
5.74	37
5.768	32
5.796	34
5.824	34
5.852	33
5.88	29
5.908	36
5.936	24
5.964	30
5.992	26
6.02	37
6.048	31
6.076	27
6.104	29
6.132	28
6.16	30
6.188	20
6.216	26
6.244	18
6.272	36
6.3	32
6.328	36
6.356	28
6.384	33
6.412	24
6.44	35
6.468	31
6.496	30
6.524	29
6.552	26
6.58	16
6.608	39
6.636	38
6.664	25
6.692	33
6.72	23
6.748	40
6.776	34
6.804	30
6.832	23
6.86	19
6.888	34
6.916	26
6.944	33
6.972	29
7	28
7.028	21
7.056	20
7.084	33
7.112	30
7.14	25
7.168	26
7.196	33
7.224	32
7.252	24
7.28	20
7.308	28
7.336	22
7.364	21
7.392	24
7.42	35
7.448	31
7.476	24
7.504	20
7.532	15
7.56	26
7.588	28
7.616	17
7.644	23
7.672	20
7.7	15
7.728	18
7.756	23
7.784	24
7.812	33
7.84	26
7.868	23
7.896	16
7.924	26
7.952	27
7.98	28
8.008	20
8.036	22
8.064	25
8.092	19
8.12	23
8.148	21
8.176	32
8.204	23
8.232	18
8.26	24
8.288	26
8.316	23
8.344	21
8.372	28
8.4	29
8.428	28
8.456	24
8.484	24
8.512	29
8.54	28
8.568	28
8.596	30
8.624	47
8.652	28
8.68	30
8.708	29
8.736	25
8.764	28
8.792	28
8.82	29
8.848	19
8.876	36
8.904	27
8.932	34
8.96	23
8.988	33
9.016	21
9.044	32
9.072	25
9.1	24
9.128	210
9.156	36
9.184	34
9.212	29
9.24	32
9.268	37
9.296	37
9.324	31
9.352	15
9.38	20
9.408	24
9.436	20
9.464	28
9.492	14
9.52	15
9.548	22
9.576	27
9.604	21
9.632	15
9.66	440
9.688	28
9.716	12
9.744	25
9.772	18
9.8	16
9.828	16
9.856	13
9.884	11
9.912	16
9.94	16
9.968	13
9.996	12
10.024	19
10.052	15
10.08	12
10.108	19
10.136	19
10.164	10
10.192	18
10.22	18
10.248	18
10.276	19
10.304	21
10.332	25
10.36	24
10.388	15
10.416	15
10.444	18
10.472	22
10.5	23
10.528	23
10.556	22
10.584	24
10.612	15
10.64	34
10.668	28
10.696	20
10.724	38
10.752	23
10.78	20
10.808	23
10.836	27
10.864	19
10.892	27
10.92	23
10.948	30
10.976	29
11.004	25
11.032	22
11.06	31
11.088	34
11.116	32
11.144	33
11.172	32
11.2	34
11.228	27
11.256	30
11.284	28
11.312	38
11.34	41
11.368	34
11.396	35
11.424	36
11.452	25
11.48	32
11.508	20
11.536	25
11.564	23
11.592	27
11.62	24
11.648	30
11.676	19
11.704	21
11.732	32
11.76	26
11.788	22
11.816	17
11.844	27
11.872	21
11.9	19
11.928	16
11.956	11
11.984	16
12.012	19
12.04	20
12.068	14
12.096	18
12.124	8
12.152	15
12.18	18
12.208	14
12.236	20
12.264	12
12.292	7
12.32	8
12.348	9
12.376	10
12.404	6
12.432	10
12.46	7
12.488	7
12.516	15
12.544	14
12.572	7
12.6	10
12.628	8
12.656	6
12.684	9
12.712	11
12.74	8
12.768	2
12.796	5
12.824	2
12.852	3
12.88	0
12.908	0
12.936	0
12.964	0
12.992	0
13.02	1
13.048	0
13.076	0
13.104	0
13.132	0
13.16	0
13.188	0
13.216	0
13.244	0
13.272	1
13.3	0
13.328	0
13.356	0
13.384	0
13.412	0
13.44	0
13.468	1
13.496	0
13.524	0
13.552	0
13.58	0
13.608	0
13.636	0
13.664	0
13.692	0
13.72	0
13.748	1
13.776	0
13.804	0
13.832	0
13.86	0
13.888	0
13.916	1
13.944	0
13.972	0

	300

0	1.99148e+07
0.028	10767
0.056	5339
0.084	2639
0.112	2203
0.14	1863
0.168	1622
0.196	1473
0.224	1471
0.252	1331
0.28	1147
0.308	1075
0.336	905
0.364	918
0.392	822
0.42	734
0.448	715
0.476	607
0.504	697
0.532	1352
0.56	837
0.588	769
0.616	793
0.644	653
0.672	505
0.7	468
0.728	462
0.756	453
0.784	439
0.812	412
0.84	364
0.868	374
0.896	345
0.924	436
0.952	596
0.98	1520
1.008	2072
1.036	959
1.064	513
1.092	434
1.12	449
1.148	384
1.176	226
1.204	235
1.232	216
1.26	230
1.288	196
1.316	213
1.344	177
1.372	179
1.4	154
1.428	154
1.456	186
1.484	192
1.512	218
1.54	222
1.568	273
1.596	573
1.624	756
1.652	281
1.68	149
1.708	144
1.736	113
1.764	117
1.792	132
1.82	151
1.848	145
1.876	117
1.904	121
1.932	114
1.96	121
1.988	112
2.016	111
2.044	108
2.072	121
2.1	125
2.128	128
2.156	100
2.184	111
2.212	131
2.24	113
2.268	122
2.296	111
2.324	125
2.352	121
2.38	139
2.408	124
2.436	123
2.464	118
2.492	123
2.52	138
2.548	95
2.576	107
2.604	107
2.632	108
2.66	110
2.688	104
2.716	349
2.744	106
2.772	120
2.8	112
2.828	106
2.856	109
2.884	97
2.912	104
2.94	90
2.968	102
2.996	97
3.024	96
3.052	96
3.08	89
3.108	96
3.136	101
3.164	101
3.192	80
3.22	1341
3.248	99
3.276	85
3.304	83
3.332	102
3.36	135
3.388	115
3.416	131
3.444	165
3.472	111
3.5	136
3.528	117
3.556	106
3.584	120
3.612	114
3.64	108
3.668	108
3.696	99
3.724	130
3.752	110
3.78	101
3.808	121
3.836	159
3.864	343
3.892	465
3.92	484
3.948	993
3.976	184
4.004	158
4.032	168
4.06	138
4.088	163
4.116	117
4.144	125
4.172	103
4.2	74
4.228	54
4.256	34
4.284	31
4.312	37
4.34	61
4.368	564
4.396	998
4.424	1320
4.452	3084
4.48	33
4.508	29
4.536	24
4.564	22
4.592	44
4.62	31
4.648	23
4.676	43
4.704	35
4.732	42
4.76	27
4.788	30
4.816	38
4.844	27
4.872	28
4.9	43
4.928	39
4.956	45
4.984	44
5.012	38
5.04	34
5.068	43
5.096	30
5.124	28
5.152	26
5.18	43
5.208	37
5.236	36
5.264	41
5.292	30
5.32	28
5.348	38
5.376	24
5.404	27
5.432	37
5.46	30
5.488	24
5.516	33
5.544	27
5.572	28
5.6	21
5.628	30
5.656	23
5.684	30
5.712	32
5.74	22
5.768	27
5.796	28
5.824	25
5.852	32
5.88	20
5.908	27
5.936	32
5.964	22
5.992	20
6.02	29
6.048	38
6.076	27
6.104	31
6.132	27
6.16	27
6.188	31
6.216	27
6.244	37
6.272	26
6.3	35
6.328	27
6.356	29
6.384	23
6.412	31
6.44	37
6.468	50
6.496	30
6.524	34
6.552	34
6.58	27
6.608	37
6.636	29
6.664	34
6.692	31
6.72	31
6.748	27
6.776	29
6.804	46
6.832	26
6.86	25
6.888	23
6.916	31
6.944	27
6.972	34
7	25
7.028	22
7.056	30
7.084	28
7.112	23
7.14	24
7.168	23
7.196	22
7.224	35
7.252	25
7.28	28
7.308	19
7.336	22
7.364	22
7.392	29
7.42	25
7.448	26
7.476	21
7.504	21
7.532	25
7.56	25
7.588	20
7.616	21
7.644	19
7.672	29
7.7	28
7.728	22
7.756	25
7.784	20
7.812	26
7.84	21
7.868	16
7.896	21
7.924	28
7.952	28
7.98	30
8.008	30
8.036	29
8.064	23
8.092	26
8.12	36
8.148	20
8.176	30
8.204	27
8.232	11
8.26	21
8.288	32
8.316	23
8.344	21
8.372	28
8.4	27
8.428	20
8.456	26
8.484	32
8.512	28
8.54	21
8.568	36
8.596	33
8.624	45
8.652	29
8.68	34
8.708	29
8.736	34
8.764	29
8.792	46
8.82	39
8.848	40
8.876	48
8.904	31
8.932	37
8.96	24
8.988	49
9.016	28
9.044	28
9.072	25
9.1	25
9.128	255
9.156	29
9.184	37
9.212	31
9.24	26
9.268	30
9.296	19
9.324	25
9.352	23
9.38	23
9.408	18
9.436	15
9.464	23
9.492	10
9.52	18
9.548	18
9.576	9
9.604	19
9.632	10
9.66	444
9.688	25
9.716	16
9.744	15
9.772	24
9.8	14
9.828	17
9.856	17
9.884	13
9.912	24
9.94	19
9.968	15
9.996	16
10.024	17
10.052	17
10.08	23
10.108	17
10.136	16
10.164	21
10.192	21
10.22	20
10.248	19
10.276	21
10.304	23
10.332	18
10.36	25
10.388	19
10.416	30
10.444	18
10.472	19
10.5	19
10.528	24
10.556	26
10.584	20
10.612	23
10.64	26
10.668	22
10.696	19
10.724	25
10.752	25
10.78	23
10.808	29
10.836	27
10.864	24
10.892	28
10.92	23
10.948	31
10.976	30
11.004	16
11.032	36
11.06	34
11.088	45
11.116	36
11.144	38
11.172	38
11.2	45
11.228	43
11.256	38
11.284	32
11.312	44
11.34	33
11.368	28
11.396	26
11.424	24
11.452	33
11.48	27
11.508	26
11.536	29
11.564	16
11.592	32
11.62	36
11.648	27
11.676	32
11.704	24
11.732	28
11.76	29
11.788	25
11.816	22
11.844	33
11.872	22
11.9	27
11.928	32
11.956	19
11.984	22
12.012	20
12.04	16
12.068	22
12.096	22
12.124	20
12.152	18
12.18	18
12.208	16
12.236	14
12.264	17
12.292	13
12.32	11
12.348	13
12.376	12
12.404	13
12.432	16
12.46	10
12.488	23
12.516	15
12.544	11
12.572	10
12.6	8
12.628	6
12.656	8
12.684	8
12.712	4
12.74	2
12.768	5
12.796	2
12.824	1
12.852	0
12.88	0
12.908	0
12.936	1
12.964	0
12.992	0
13.02	0
13.048	0
13.076	0
13.104	0
13.132	0
13.16	0
13.188	0
13.216	0
13.244	0
13.272	0
13.3	3
13.328	1
13.356	0
13.384	0
13.412	0
13.44	0
13.468	0
13.496	0
13.524	0
13.552	1
13.58	0
13.608	0
13.636	0
13.664	0
13.692	0
13.72	0
13.748	0
13.776	0
13.804	0
13.832	0
13.86	0
13.888	0
13.916	0
13.944	0
13.972	1
